30
22 12 2 2
16 18 17 2 25 9 16 1 8 18 2 5 2 1 23 17 24 3 23 25 1 17
24 16 16 1
8 8 1 6 6 9 11 6 7 2 10 6 8 8 3 13 13 8 10 1 9 5 5 7
23 13 10 2
4 9 3 6 9 8 1 8 6 1 6 9 3 5 8 6 7 4 5 6 2 4 8
23 16 6 2
15 3 14 4 6 11 8 10 4 9 5 2 11 5 4 13 13 8 7 4 11 16 17
30 6 2 3
18 15 15 20 21 2 23 12 9 12 21 21 18 14 5 12 11 10 23 14 10 1 19 8 3 20 21 11 17 8
3 3 9 2
6 1 6
7 7 1 28
1 1 1 1 1 1 1
7 1 6 1
21 11 22 17 5 8 17
7 6 1 13
14 10 10 13 5 15 15
1 1 5 1
3
22 1 5 4
7 3 9 1 6 5 6 7 2 4 3 4 8 9 3 8 3 9 8 5 9 8
30 24 1 24
2 3 1 5 1 4 1 5 4 5 1 4 3 3 2 3 2 4 4 1 1 4 5 5 5 5 3 1 4 4
24 2 15 1
13 13 13 4 3 2 12 10 5 13 2 1 5 6 11 13 2 13 9 2 13 6 14 11
27 8 21 1
2 3 4 1 2 2 6 1 8 3 2 2 6 3 2 7 8 5 7 2 7 1 3 2 5 7 2
18 3 1 17
6 11 8 7 6 11 4 9 10 11 3 8 10 2 10 7 11 5
7 5 1 28
1 1 1 1 1 1 1
15 15 15 1
7 2 13 6 1 4 5 14 4 8 1 12 12 8 5
15 14 14 1
1 12 7 3 9 8 13 3 4 1 11 8 12 7 15
26 18 10 1
1 3 11 12 8 11 13 19 15 19 18 14 17 6 14 10 16 12 16 12 19 10 18 7 19 11
12 9 8 1
13 8 14 7 9 9 10 15 8 21 16 17
25 15 1 24
2 1 5 2 4 3 2 5 5 3 2 2 3 1 4 3 1 1 1 5 4 4 3 1 5
3 1 7 1
9 18 17
26 18 2 8
7 12 7 10 12 7 13 11 3 2 4 4 11 10 4 4 11 6 13 3 9 10 5 8 5 2
25 20 1 1
10 2 25 14 10 25 19 2 24 18 12 7 21 25 2 4 16 12 23 21 18 28 10 22 23
13 7 10 2
4 6 8 6 4 2 7 5 6 6 8 6 5
11 3 6 1
13 8 13 1 15 3 19 5 18 6 5
15 5 9 3
1 2 2 1 2 2 2 2 1 1 2 1 2 2 1
19 14 2 5
13 14 19 5 5 12 2 16 13 6 17 17 14 3 16 7 17 3 1
11 1 2 11
6 7 3 4 7 1 6 7 4 4 6
29 15 1 1
6 7 2 16 16 5 19 22 1 13 6 8 18 7 17 20 25 7 4 15 18 11 9 3 3 21 24 18 11
