30
17 6 38 834032713
762442480 222735251 653872357 115811779 516791963 797763654 421791916 47776866 771634773 622778355 264897325 331161526 345687287 850009912 525955049 117142621 9301696
25 2 27 413154105
60688146 763029946 817740920 163577909 33797524 56194733 438298195 274237200 737141849 484218086 304119101 886923594 94201361 563928509 359311101 852479866 695048074 407850416 524313304 639983775 311641083 331367317 892377256 357153130 911291692
3 2 45 177336277
27017038 547229284 26007181
23 2 31 280230048
803012431 684114331 712420846 522956852 907260918 864940470 933229041 949137133 43702053 229534416 796790860 183143721 950988471 938126251 604413687 332053139 580945639 455061571 557294488 361968921 123361725 973861920 487286755
7 3 57 694594968
292705210 702494748 664545805 694645951 963707594 279099183 849742148
1 1 9 579188126
453387390
17 11 15 588914547
272813189 382057455 288983091 213891311 882538844 975635670 917695719 806094157 332864603 818171749 641420373 236231466 101764353 473798278 757793794 541151204 332378460
27 1 1 224397025
257944654 741023197 133451453 312908789 888963033 566954643 353858622 45187060 321741540 418540367 176948278 248317351 459490681 252010613 190601283 207604849 284163488 274101649 806249529 549419791 305302000 962644579 716995253 315948246 104274108 295059286 698062597
2 2 31 749507871
666786622 653706041
23 4 5 72655569
839891382 407614394 668732418 86839962 432067790 189650809 904279386 348277772 487098266 57910155 568786200 679306330 994157755 205985585 213508667 354562593 512391113 634767586 116559205 974542305 423375582 723757648 67953874
16 15 58 981787648
672275051 624574049 52869054 116462783 546435805 760602697 24405471 923474683 476386489 848085981 994676160 530679460 259739598 826486653 915402698 760724751
9 5 27 516761216
393746800 38862132 228171678 48065745 220830178 345645273 611140291 809243932 141524470
30 27 33 342106328
268851920 899042533 857015963 334965569 317025703 489422547 483644855 696021909 328673489 706154968 218001198 2111697 470851337 779015557 875380668 169378259 760580740 814876289 240413006 718312710 526703811 225247818 28304216 818620151 740847990 631909300 492372109 425842308 970080131 247397531
4 1 4 627998895
844265999 857807864 937964996 153634180
23 12 32 495976369
925585231 89751199 296997617 662789464 887130395 954966569 264355260 444778918 127456536 695595165 400173727 655237676 107195682 333163985 487554601 636061902 45228216 260528709 329437143 495207507 306788952 998127090 302104363
11 7 7 980973186
376981503 145018787 603987381 177783331 574200180 373520656 26715447 47242591 712660775 881110125 783156374
21 11 6 640634727
380169817 182006095 198992658 498682018 503184791 963026262 927088101 779617222 677299226 354043029 884467561 882422187 326145387 960861001 596279822 399340313 407828231 794865521 703145350 591214145 291067077
9 6 4 287278437
417375990 352143508 810631244 602273710 703722901 422987276 723047735 108973739 305590695
26 1 29 536057065
641644068 908252420 491836242 961629607 588362655 352792817 446565200 210390181 808209690 575071478 103222483 231115638 788595085 410580241 448385437 211524044 316528540 594452877 130266067 938451486 306523267 670503812 182744652 547995818 502382705 785249204
17 15 19 30743211
188167813 59366442 148030216 142256213 54246115 135074732 276917614 29237274 841749855 150774187 234945758 372249518 371948509 250736630 703651476 906036434 213621711
2 1 44 842068379
682120689 542062460
17 13 37 887591856
700379478 813923053 854855384 54562878 541558715 793635559 151275355 668664517 954888568 78397813 207856102 494296405 453171924 373427216 473112311 151474789 24984797
12 2 47 676005592
603605498 66949800 586364736 647037795 460746920 121952211 79455393 461118393 665402150 413221620 568905250 507473933
8 3 11 393227744
325554436 801824059 114721402 412389393 972697167 191124222 370435838 398472780
25 1 21 375418250
120133787 918063279 69333099 6640831 960958033 925801740 154911476 731899361 515332661 277352054 23155955 303673329 751597850 200568867 408553864 480367505 783638878 564807031 578939061 346360588 473900777 810029541 376976018 135066097 951490944
27 10 40 638053036
188176059 105851917 20450886 601633165 657478242 793212378 282506235 848053425 363468371 489880004 550075313 354768402 448076448 740338627 548168947 778507363 54949910 369190436 879254453 979042404 910252257 506624570 318909717 44695598 496654980 412979854 531005310
14 14 52 446881026
587920419 141794270 731978455 19535744 775723082 182692658 352346078 518683804 698018055 854121281 558502544 379489466 654016722 548397352
26 15 52 389684437
29725125 558604234 210082164 612870002 648596563 60791544 293946258 71285633 152101425 434333956 460331508 404452333 792654071 667194665 984469635 709576613 395241250 413955044 411387363 540056354 868559091 867649088 455004565 775225626 399362114 883970795
1 1 56 388750757
100005397
1 1 21 470159478
40118278
