30
30 30 22 861406927
403944750 487312266 945032418 275327862 515566275 184621161 183906013 143665719 575404027 567050056 829385718 123912041 251751532 262748455 940433422 538140325 782504343 415478515 367562034 300021174 562256523 871666167 438309270 272096612 681228871 539181055 893231888 321986722 724961661 63937384
30 18 26 423522937
837786742 843265556 261849052 627004721 517018430 207805201 597418610 805165401 581967240 719352246 461768603 93036157 517303533 742808900 136735256 708075561 935360538 71031713 987413370 761411966 169975880 481091982 231106618 400132226 534436076 907881046 512245709 187984673 757856834 578972237
30 25 1 179913541
304355516 593828257 670472890 884648217 768831296 828028396 145390045 762609002 263174339 16397817 953271066 347878135 972769538 582698313 377114725 598352517 904703432 230212359 14075855 938530593 96873810 530248393 844515858 930652986 606478790 213628605 884811710 792534560 428814518 184424034
30 21 55 960534583
50576658 255481669 866269358 744945668 622669520 210716658 57700827 193866270 31253483 860163339 871752583 477560500 61824234 461653015 485165478 851525266 375306674 314980564 203072616 396875902 114529992 116184049 170286475 135677602 887789996 600270088 869570765 993296651 369278933 773475159
30 15 47 171206453
738934715 66584604 53693076 309038960 773890648 240991982 703296246 305802543 913551544 23034345 279999782 586654057 408550277 642504539 1358575 931925824 31299919 839918124 953433690 35017067 319288453 485442899 410162563 767988976 926395596 735791382 318482294 748844193 866578617 575936765
30 11 15 690919093
398225858 332073433 795975339 760509906 586333665 178582043 171425959 145103572 762379 812363794 854605062 939267652 523613333 453872189 721373970 265155633 682183470 667566057 482072562 262170980 816440538 909223698 168192174 105914432 250520264 751705291 538029983 271039811 880970656 54681041
30 4 20 444699937
742428617 322308574 537643040 433783405 711372371 728162172 197458422 729043775 512009858 838216989 650191484 346233620 287099250 293113220 308407800 898708782 557661022 785872035 741651071 778223172 528829025 425477629 295494373 209719160 954289844 919481693 611179656 893633982 164173387 396201284
30 4 21 323739781
151282953 558217640 880154103 199042622 709999244 641519201 872882540 703587414 942139687 674466686 458976102 746392417 135872169 63684281 339971536 314382318 743885337 367091787 437190346 994203942 734978132 610986515 673651236 510323991 937255075 455507808 959891091 656048475 20079805 809662951
30 17 36 297699569
11778196 75212227 477063847 668237921 366081312 834619586 137734964 280439788 714625860 424338055 895702230 6799520 245968202 62966017 238464991 298307794 173989642 194866056 353622685 84490723 702640819 18799470 846760889 826915121 608143955 965839168 916040958 312280741 483155968 465089730
30 16 3 557051989
564177619 426241178 274085456 129474305 96408907 602646966 518601151 242468158 220431728 142694859 558694003 264447466 183463174 908313702 165026600 411091061 378852212 428069116 117401372 296228320 153372585 511400264 808606169 447535964 689118040 621610687 862558232 843935094 105354769 10935371
30 25 9 503042083
865522294 505818524 82574068 809291312 737840742 821629415 987912612 378029823 194118495 606668849 593611049 447900019 698615976 157699133 463876163 647688930 441826523 564410814 725033797 12675182 655372669 485521416 168022682 387141745 462976578 60025421 259206301 733209222 333095761 134100543
30 4 44 433823021
596640229 375664695 628405898 704789566 935909393 498624545 696373941 914992180 114773916 352635138 786131178 675774322 166076202 585472250 789877768 82731492 441204856 585031956 300145606 954512445 584090902 739266875 803522232 554615857 856886362 851523820 787360668 871002525 714489998 410029902
30 20 36 974676197
87797677 58955690 628905414 788488289 782147701 964277349 574956400 758473513 256300637 286763890 360011288 847656572 257145372 578448344 693587114 158676858 882152833 236793825 325221485 136781284 415971281 302065082 377012123 923910814 641161454 70815438 715644426 3568697 73481551 459145638
30 10 56 845407207
614927490 810893734 330946291 272372408 996115084 821692005 624694391 265022775 56753352 535140274 863766795 189054708 477771395 11250761 303546308 239569461 726100471 600836837 531296487 587949540 864597340 699240742 620358840 321109865 180233798 637097522 359371858 226767515 256618682 186613711
30 11 15 226812629
2885626 773166361 725199555 936772813 480862974 409856458 515098762 626690096 182212027 815026909 793094141 242049328 306420274 896473192 741755581 928514207 181428352 499344296 282781810 876000470 871632761 180413453 478477738 190917526 805736206 158519914 180811628 82665032 594414406 975569541
30 20 2 579928319
484505961 576028758 865811087 878680551 272881630 334717294 9927186 652291080 496411396 938714540 306448955 358400475 102033479 53339803 126599678 370371686 105325367 403086341 544042812 505016486 545153551 854108913 642998984 666545185 841920533 350344899 262273670 81848487 927221296 918442589
30 24 1 746908469
184712006 355477110 995985866 441011471 563110657 817603683 994815403 519136734 567741745 536037693 235676827 2213606 775084089 732711505 466424268 898229276 973950342 913799568 625216810 449356817 902924399 662828916 932704154 450104186 615003087 217021515 71995950 265585472 917303858 280084909
30 28 21 810826613
757755947 492995994 227345366 792469624 292752802 320782124 475211031 789806149 362552571 829261139 758231265 622139737 75745356 909910391 825036801 372799875 462750128 958028885 374274470 32297860 775951096 831941881 484998744 830161738 205855442 494609130 419795937 363248385 915344049 393419080
30 21 15 814381991
377465324 530994575 219877914 909460841 643753887 317934104 566742895 726691947 118440459 4819984 650683126 689023980 13425122 442014920 932699416 603421657 514110569 285932843 694036922 621007104 707504373 426151019 297785716 996900690 408075828 396181129 962098230 939772428 244941483 291386542
30 17 51 103874359
455853233 926498131 204310164 282066640 235902120 887352186 591588834 880833375 416287733 781044004 127339573 880687662 302313497 200798951 296760133 17200463 672400995 326752654 730479127 387702982 781057965 879855803 836100445 650991704 272911487 705724222 679775217 920101203 512497062 640364010
30 12 57 175970669
779601930 521767437 717297886 705933336 191006601 955089974 34469722 664789645 545072623 458383116 881332516 888331198 386372255 207661441 862220022 724152351 756451586 253285461 153004953 523219921 333017416 324268383 550981966 99524045 750571678 911091733 375928491 724637860 458737685 499660086
30 28 4 746880299
757414215 342500941 741508219 134879695 617545039 270764769 349487775 647686320 882207192 111258507 415792097 677408178 704780245 358322106 122766056 707636776 741573832 37872962 568737608 980030548 468810912 298767892 641626622 833111008 846527111 254350984 488391317 351388442 891430982 171575090
30 12 26 630353089
518408274 299202707 188718349 775953239 975090411 432950286 542468975 112877956 610321874 864174495 451147890 77428352 724105255 37997047 898113939 305441927 74718524 264007508 55539326 480669285 562820685 658321638 475517690 724384845 896494305 502489554 696681428 84219118 643288539 560070902
30 29 52 358108289
81291888 743043638 501523915 108276871 435190565 101767738 584242633 763766139 425191130 791206726 461964502 816082030 33309401 654613711 792384661 36473563 307423200 263314915 837288287 868475359 142288464 394659468 568416843 913162359 139543392 828196367 606239562 372598756 613965616 49411353
30 10 29 878330291
991325585 724461378 340199680 928940528 669014107 553247054 257676964 131586080 163387227 30796291 167085927 45035892 786175044 5511314 979009553 326437214 866896952 529314464 787506799 432004169 704646059 141166527 704831345 950175180 657466905 367440838 454605954 270871036 303829979 183339148
30 29 34 899196749
279851513 997693670 282295342 746736718 242389220 761787733 134404156 965340656 277085434 222940175 800166625 142393217 528048951 357145591 536781580 116353986 649867058 99803939 829320437 769846649 747279709 447198010 985329882 231163592 686244316 619418478 195577581 598748492 784622276 907264952
30 23 16 990917129
667026238 34479897 981663179 287336418 272907564 177749368 411505695 362038845 801046679 366178812 134774484 756197432 589975313 175106108 30212250 42628780 235267713 169375112 915878976 291210834 894747940 862168603 131804417 870680165 813522206 842200310 810221482 799530071 96863097 823395497
30 26 47 521736721
459213076 415463315 195426641 328284164 932696504 111044987 191801693 859365791 882411898 709246559 661474336 328783224 824964627 564160667 523417186 525537146 397661637 333672096 960785727 512578785 775470235 506125685 77566424 983173933 646312861 35117315 198076074 391990127 510055629 449893671
30 23 19 140338661
361916164 426504531 29506916 386344873 487819352 526586233 381326776 528481775 343457174 164664344 509045096 549278455 886255353 985791145 653522667 992572310 572844494 314819843 687149958 283989512 584774754 346607431 510476624 818337361 317831751 689638953 17209033 796416584 447411904 849026481
30 21 8 995914069
212903114 119197227 981405774 565683270 984852049 808352499 953869445 479989687 715724730 192583617 630207438 820397702 661243784 949364323 701698424 910479221 616737583 213349228 718809886 474106924 455422946 676350729 545846158 346975952 368292365 954401092 383054562 6897757 265753542 495398973
