30
30 27 24 945305677
111759215 233251344 711737075 354611398 59475752 447207084 402849000 567172159 633987344 589758323 796546551 634919965 445063920 328696400 224694183 789655113 930675515 590871098 996426743 521005976 617401810 824190304 298773378 825989827 116884035 581351168 9624124 112917771 325049420 394465564
30 2 50 838780423
852893817 223757872 984299749 9311108 859490653 666092934 574558230 739532713 82950410 641067888 533549089 434729878 131848416 921425969 769553684 474569664 64523445 599991952 573564606 328220612 293948376 902355470 103789250 429145149 734060144 350282462 967613691 987272040 690594724 426819326
30 10 50 920330167
735392065 177746054 668651790 114034569 896280484 688658032 414466788 164176479 415313308 400003513 148667293 245486190 595597724 991798064 33722055 500709472 995080328 530247978 673410321 606238215 256854012 722162622 850223117 802612270 382593085 569693180 152834754 681266064 189680608 938940921
30 2 28 909588829
687737964 293897078 237302516 360693558 39854157 114013689 15138378 140425127 370050737 273676500 504106972 811017816 92659823 934068854 108044373 290063105 125053227 564876105 148180119 649947340 219008287 198306919 460682192 181518678 273581920 95920509 507223322 514169664 559532826 866094203
30 24 26 893973607
639920284 337406491 557469946 170463635 618275812 590681626 447288282 324129708 27321240 705814253 898199494 906815205 325463720 77485787 528891210 990337149 506752961 933357831 419420097 678484765 404556578 512529122 368879704 825868871 543352339 732819322 242716593 80739440 304042235 455059632
30 10 2 997188199
752096352 938936935 181987440 247577508 374814842 84484346 769236343 202033684 300446315 896075345 554336172 952872854 582852575 744554475 792760197 59994628 316038728 217443585 371734953 721022176 622094933 230804791 62291957 611451999 105399932 174678571 933399551 477679603 763526541 509906435
30 20 12 455125183
360231537 2663231 753560100 751242328 378267133 819027590 397210123 17476420 234558105 568626753 420457813 493678008 634675522 727960613 178609111 305586498 33049697 854598984 291254478 690392427 693687502 236036492 490779829 999873518 817186460 126755658 442905369 106526691 937148599 314902038
30 1 36 410332813
763724255 540812413 974556188 885808044 963669387 655104273 107727435 891414302 867294340 625093645 61885596 250913944 960188319 547559317 829084261 826877381 680582177 862281045 970193784 343023829 652701053 51760684 306278277 653914563 681057128 825061023 976988963 720193721 487447673 623646940
30 8 48 318213539
562195137 751568762 402429447 692255290 11222646 376771436 362842513 739666784 759884833 778136987 351429350 194041650 588030865 938984255 240580383 636538814 959395153 125267013 182785227 297206248 646767228 407182365 54773010 106705947 4638248 315609347 716751264 718080158 272691186 424886302
30 2 16 387587651
510830300 222909890 298988348 299588946 841265414 374071207 404713906 473012942 886785828 555542682 930111302 745557465 820875644 494774073 306233627 478764788 525967661 777184417 575146786 189715414 689847800 516367518 808143185 383016318 267992610 462448285 883824423 525667494 132893652 329014806
30 17 27 614424059
224409715 220888376 886303720 943007397 927844333 750322858 860687541 80109012 763600780 76221696 759874695 47598692 463021560 328910232 953842889 662944825 963586754 971906517 824409807 622004827 183473875 256271245 751017613 680135772 303253830 523564606 49458922 488917746 582188813 23743348
30 21 41 296890073
16292051 828051946 986503754 593138075 121808581 681368748 28914978 283805912 184444872 117906184 203457090 8434336 7596718 196120784 717757928 269446870 323635221 956903673 658889056 819729511 390202713 260640210 633611725 106744535 603347232 30692112 413683535 348627523 687041533 624173413
30 20 8 35041219
85933886 304400813 294023906 740118095 99787258 694744435 699119706 139618363 41163103 841580669 784668086 786449881 311430781 128042065 321009889 369465204 670255845 129031850 321512974 223132574 62693487 926612847 547387974 590720635 194676002 636868041 352951244 424457417 727222239 677503463
30 18 4 164191483
183842755 81885669 824359358 272007597 819858647 463817893 277079332 758251055 471775913 37131310 721872790 814602036 773130902 244713894 414410124 113344752 109622360 643135463 741126866 712839896 812312219 636819140 98316461 528866499 819642431 847224330 765497491 461727497 134933692 840619520
30 1 18 640131709
205639292 803423142 746947075 363200940 123697267 886485224 478370084 101953140 205537454 303321486 857596406 328649699 174015721 329867171 848152058 159326509 579092973 932442053 376817124 617627849 256023057 514752397 114217668 322027774 346230025 837323800 490205824 950004832 882717287 340159376
30 20 49 909791017
453003825 89264215 96017657 350383930 205858039 589633467 198780925 449689818 509501791 315683979 774263514 896873427 999481511 790976242 37128118 189179797 443109721 527816643 477234083 199317449 604115817 28762360 510843617 852811451 446491385 557418067 632722551 871301482 897459763 614924937
30 7 34 59990551
83201486 327250293 607998137 371741130 350399232 138158113 701000890 750167034 549265704 693773849 656602590 724050925 907665327 289584158 978847798 454070943 26682644 331987541 767962331 207575264 310385754 392265135 153446871 343718117 956543453 490991474 281487789 4828980 827098752 643324780
30 4 6 403488091
921676323 273620179 511268792 859018688 853996222 684589306 329105069 437190879 958528184 383781185 756020904 364021842 531255187 476209227 332791900 915396281 637663340 726206687 360999745 730823721 268634396 347662108 784757046 581896850 135679990 950883045 706522239 829573311 418870177 780845112
30 22 3 532901479
158310152 561712076 956309335 267754589 217247416 401091841 703131284 568651693 857465554 755425448 535403778 307521960 284356324 748052070 654273047 162177814 548200862 152459082 547789306 870328614 560625491 934360109 834444375 441586880 77994452 809250323 594528787 646972696 680426679 14193133
30 19 21 803714707
236617220 205150374 166368585 192370404 604959409 435458195 948564516 911994259 602320505 669370268 594272318 610310645 839071169 679643010 22110655 170078346 307751580 952520873 372876367 720889965 455049433 929786550 243427945 260560716 204866468 690881254 6995620 653328535 334182450 288777140
30 4 21 382126157
757431385 376452941 815938268 318757621 43858174 956574330 27613703 770668276 50115705 904663454 714697425 483404843 920628952 939731499 153440080 384909910 588208339 979539422 88155727 585053779 583331018 411524702 486680043 617333958 897195888 409438856 935038802 237805486 953517621 773856857
30 11 36 485760187
913760588 923882537 972732475 797276612 208492516 551072847 413986699 540079037 570060481 309030041 821744435 800759548 783213578 658651735 796700035 86474468 974528949 32804960 409238561 343861348 125494882 687211440 34654422 434329407 999253355 320673293 447873954 800105044 718252192 885490121
30 7 6 986452439
724398777 697105310 773424768 634440048 380955730 505598429 569946044 918349845 175540503 977569115 572262653 781008580 95260806 681562854 986104065 441539150 524372243 770648483 75660226 882050264 912544246 664174334 336134178 374461484 66782808 119192393 149671889 415785862 57884556 883637205
30 6 45 795800861
817450535 372738677 690437950 644602793 347555749 578571272 360783774 197089228 212805907 241861256 521635995 833660825 577867700 493307202 542907797 570632073 486402030 300497558 81590905 916903329 771285438 123296031 810140248 747169869 572305038 893540148 626696047 614236785 417270955 734816205
30 13 38 425639441
866565421 157471317 44736971 578976537 280485849 948751194 729411572 208728704 37468983 918960655 348348679 451311063 474697508 113081041 573123823 856782954 90945359 755357942 321745940 404983532 50150413 524005040 983989511 792429362 580943128 970619778 408727936 584903433 886218285 850692966
30 9 26 7535683
730933905 192550018 707106249 404862908 763672558 943454773 567488615 296811682 547232800 309065543 248987326 720035536 733770567 621196474 26221249 359598626 317568763 42853635 987114480 19217334 564258500 242394670 312927281 718456072 665158759 120143098 617845385 714966947 627859371 578995340
30 24 2 899612431
446246072 574644723 490364749 654044945 615537381 624036486 743723468 955875907 737146350 914877750 9438658 355132392 850108240 88225435 687877670 502213621 154110361 827317030 58381316 296485478 375843746 650908374 900085260 843065230 348094415 410575127 493277362 591455126 992112783 744721440
30 20 40 368990447
152889737 454318641 419103607 881971598 864969732 776779601 31936843 835279706 391136883 666286264 837729653 232347672 629045388 938916554 400379788 519160153 355814154 692980785 245281843 278879349 836137331 170216327 294179375 16033102 489752220 679334394 650431448 192083816 487202275 853910579
30 7 14 950287283
911687703 28982250 570282624 185135052 358017200 761045024 466342865 753599669 628575262 325190530 491275982 55698589 268478517 765237994 703062878 122953421 274662331 975200723 159277923 264949326 803003740 481701597 220646764 694987175 230873450 390119615 472120416 423055723 577197036 383595470
30 2 21 54588241
878872701 18597376 34110480 972665641 417829389 663561412 262066519 30460158 297524633 188530892 104994356 360356285 121645231 281144670 311757836 457136904 66545548 400475972 771764848 77620217 976854185 862749004 976952634 105062339 439155194 458116155 380984673 611043329 774936214 540742781
