30
30 29 60 886694519
593924910 250908065 609142885 493988634 811480683 250450845 18818897 153380344 242882006 789441469 820784307 107176718 804071506 725158035 746881639 768302015 197621674 399805705 750049955 953062458 213781692 658037275 42224532 775928443 976149095 258537378 135077730 142169858 625894985 844724759
30 29 60 102601919
991937195 164101265 74126613 904969641 200656053 978274781 34541168 91071768 854789614 876993815 531237198 79851836 672458454 319761625 999446450 363712279 286983315 618793502 852669771 109207611 2303897 501424242 269975675 79325381 521219598 546930641 872550773 819213003 375469134 400190239
30 29 60 227880269
253771176 972413497 461164295 243908372 650124985 485524138 89316356 156078840 557027763 420131041 97947903 7146007 349902042 171817360 551730542 989707484 827874669 525933004 965711294 655722578 523985823 82018344 182412615 505794153 844837826 349654032 888251062 35681247 379525129 679320484
30 29 60 674084167
626023679 144269136 922778033 137705908 252457864 765565818 890655109 827276914 66353365 41162741 905589810 694886534 36811366 50608019 880103014 78404341 899755670 456837065 188155398 385632013 871449457 963164457 674047957 986823636 865904717 654289184 508867875 759701648 718591636 97637706
30 29 60 652512821
996496169 101838484 116834300 39048216 790561283 9633814 209268381 315538226 17667954 109942523 673856923 660808674 147646964 233065302 652148332 118536670 430053420 696560798 801498077 632299749 744531337 265149828 338485772 400605408 788393606 641560899 523117597 303380530 769354856 692815596
30 29 60 245719867
188613927 275520691 166417729 516034526 41084396 229381611 593195288 140996426 848368665 3704916 102178497 252939619 385921651 639404615 624219758 737842847 423358844 839798424 363682830 731806229 536121652 873963168 679944320 637778895 493907744 876882005 779776390 71358915 904110539 341546324
30 29 60 210380363
540536008 470198672 737049639 397000153 456200241 850362664 959802594 609806530 813735181 587134694 693273747 692683192 623518227 896355309 970337546 183210651 804112862 519319114 703500659 467386029 461802267 376307236 695920055 482905320 879960093 40236343 784741406 139149221 924122511 958339189
30 29 60 944771093
726636590 479548191 521726595 942583770 108686720 818446982 223240757 898166715 486389471 523819288 79739076 260648785 135173925 418745590 348091288 861886101 150556912 326522855 230758347 42904004 430571404 995119222 106413556 582969671 518514230 710043867 742225821 393465429 360714904 55227415
30 29 60 298347383
202199966 271486738 730938472 556447033 819978937 742022810 784742098 817751267 84595303 966890576 424010094 743756735 653314354 165104694 936987106 209984949 251120447 830839149 236558216 433773750 793166755 721982895 915731821 561015336 158202311 693971547 61980861 359645650 43878059 392561350
30 29 60 408145063
478216098 138227059 280663247 287361275 254218409 137576474 675714757 641548924 947147796 331741596 519977401 754144238 164485081 823514556 28219784 661965844 630449422 906207167 132625690 719028079 120809780 440325530 489722142 799612825 907162795 676418220 479874340 194528235 926576179 648293699
30 29 60 419716997
371581042 805318485 583795465 389428689 763349435 841030016 556337111 659769274 312290378 187662037 732467847 921397450 896946817 103138811 239857086 685146132 365953250 847097205 143906689 657193361 513560991 591366500 76645233 764539310 653848511 327503444 39344131 891650514 910835215 202753555
30 29 60 944678483
486200586 862941263 31256781 346999949 113492499 150893090 230598510 541767033 387557831 370294075 92258558 800111148 350845598 447221872 371863433 792953530 411934816 219256319 466409897 884124854 965337235 164514523 680772089 335127292 310965535 379532813 670121068 197173609 82280226 798012933
30 29 60 867026833
383632070 39852461 142410783 289450865 966852167 47923657 614789888 409305513 331653135 952950680 372475847 811848100 891172782 145581544 39448699 299297370 408032856 621869939 77885540 923669656 209727195 328584803 911338764 792157972 427521869 920873297 672577703 829728935 544445046 396744943
30 29 60 750103147
808349391 543760775 315842688 994687558 652946196 589556449 890069728 127315264 728700514 420047197 224000286 936314976 873528642 910392537 386177681 998333428 103979362 904267747 978408261 191813509 865774147 508416137 664592705 674545243 807095371 991051490 120256109 875795710 605648951 8562382
30 29 60 313049531
444172214 463170296 401819032 941999904 531484322 316178817 396100958 304316357 92346305 355758567 731957525 429016398 414788784 137159222 42751229 376524173 725680586 724139946 472167377 501568496 125053114 733310524 687899387 276049359 975419681 38232565 669688478 394803730 544920229 935227941
30 29 60 76495093
824613157 753603047 738179348 503402200 954267274 259078729 307154933 966633920 905229252 579119258 643137 613671724 881683089 191054996 625335313 508613298 397438601 607578545 590693248 536060401 804589953 825431722 981452332 307036017 289675805 51566167 541613301 421729714 723685267 153362552
30 29 60 917979059
307476794 875700216 155112223 503876247 475856679 471932070 446761260 161628296 137173765 816393305 788585041 265086798 602434272 217028033 85040522 28235934 732246280 898344775 240113843 52389178 519290939 408282102 373060161 771025944 26039682 93191072 930157645 790191915 473371113 123961561
30 29 60 968354317
119643206 332005532 252891344 138577875 333955187 414400906 166002970 123049990 55003170 681455513 436464600 680082889 314087185 861013701 232651956 424801562 387141739 710804567 686333486 561941199 176325175 158538921 940680244 965458031 255628396 937225137 638470302 7774767 861042118 882244644
30 29 60 236820023
144446961 177187404 660892259 832414764 213259429 524610870 610091449 407413808 766585684 284000879 614423252 358608873 234392156 547498226 807844345 77437435 705394563 645014279 595185592 123752003 78206464 127799465 453328200 442696055 564713091 930459862 803251084 467919943 304382521 287186036
30 29 60 174025523
214525028 487139099 883298387 83700692 250384792 12796994 413024095 487480948 208512479 934965925 438887376 896547607 197579646 556835984 21699745 661111963 873459214 694770913 924172771 958305458 873638444 492113221 26778261 935081651 963801861 199638345 549398564 634668999 347313187 884551847
30 29 60 83084687
72753812 485139987 16662679 468045216 177827472 709112806 578237338 400285343 81879519 978868031 802487955 934934497 743454267 939681816 994386667 379839455 624368200 847049940 769498299 353605412 208345374 304987366 601752346 931088714 43089841 30351010 740615182 930561868 508932491 618100261
30 29 60 240254099
910072818 512196263 740141169 17927047 537460261 239395251 596682966 917022285 161284979 600193159 240173813 294908806 259530942 946817453 605790326 863394144 257113497 518936865 569518803 624710062 771870174 556093439 121262286 642464616 836089603 939401304 982753514 43534726 728719943 263414213
30 29 60 40913663
586693728 174397443 22770632 896786126 441290751 761837189 674109036 582735266 89166289 899287830 876332238 959265017 526007875 27562641 955413829 870902158 373282318 864034754 417317041 327234191 221217279 75133933 219825049 840984971 403562987 31013336 289492883 464640074 9926414 203457899
30 29 60 399956351
703092792 823926434 852299203 449043777 316008309 26026155 630858651 911989990 538380250 551792385 258014009 263839623 662386226 285362213 994843009 402197529 709599689 195075839 261985392 570289823 748910351 252743791 471293271 107023239 338696575 640392052 669649787 7384118 918813449 885152046
30 29 60 303622127
657839484 839626006 624376654 418339917 890474964 337856239 945601142 807675779 368530557 626268155 676633278 620899603 411903900 928034025 762191266 836664339 838335618 64926599 990061455 315791984 469674887 233379112 328992931 691264082 976578794 339439841 495676064 105902722 2403395 503835611
30 29 60 525620303
719285871 590899894 178632354 355923932 947646358 91656989 389532147 114390266 764796471 884333758 917484199 317074263 417441380 954519864 163982776 848773844 582633286 625477291 10210089 985592601 231672926 300252759 419718274 269049456 8642228 641815186 430791648 276579939 144488912 523403143
30 29 60 652765097
281063509 194821190 776306661 828872983 459494980 483743311 977161229 825613421 417679683 702115932 882892815 896872883 132480877 143546977 977283105 542019084 129652735 174741333 964746118 700739944 200309543 845868824 467659038 958483364 763633333 105532242 442800578 2829015 24047154 736619139
30 29 60 226519159
477443889 573020915 183241059 218326567 763210454 972810626 923679974 905167498 812213478 52994084 668607385 275696967 332767056 960386425 118588696 137587173 755622007 369653345 398617941 366761050 274837110 302129180 178557887 788385470 421093674 155320694 475739915 610852377 700681049 400863084
30 29 60 19715773
200576661 987329514 495737646 673199844 761015505 732653877 374291197 871453217 208955781 521426636 362516469 518678497 266898978 624187605 912121925 847628990 489390794 727477967 984937413 854939194 9632241 391307238 780822645 622643700 896825827 137547775 983591945 838932069 334215790 133959405
30 29 60 11963129
997637284 125785938 372550570 547743447 755099898 725145617 212358219 831609848 248686611 351527951 145035111 540158834 966986454 3969197 575617954 297386135 771694814 330226462 174958901 398268235 307953673 214889441 775937693 330493399 93245785 820354128 794149990 300199217 529240747 242745245
