30
30 28 60 548157179
409634006 422318262 651871423 292750228 310938864 88720127 26807019 521882519 597022841 51173789 544099455 60460231 119929096 767856653 250276177 767170744 587293559 450017489 866781127 785383575 854341553 41102599 61257080 141255414 304999945 903948704 883060992 92719070 120614980 328159252
30 28 60 46551769
437254734 691384096 697337649 58771690 869374705 625341346 423857892 312001898 271082965 390440559 397413676 58341709 442945023 516240475 384777655 392799665 315825846 312030165 588438636 493079987 75654732 268224713 565860722 774026462 746283604 427015227 735734111 398658364 52222509 771391890
30 28 60 268935169
413836120 1452794 216575141 533515941 795015302 63172794 192478380 407166537 91680240 955978597 980589216 226390548 966635369 449692560 391592252 82738748 854495617 674551388 227942325 979889957 822727471 310218405 307988003 216021635 212983625 616239430 479931672 247453549 641406709 560487597
30 28 60 242472379
654005976 572334206 543669515 475719053 915246803 272802964 837959774 710476357 242369669 263311064 364193128 769395882 82591859 345439811 351709708 355875587 672948987 840329944 949861100 275397291 7327305 769631837 16692230 171817287 886751978 142900035 56830037 805169078 317773013 356327762
30 28 60 262849333
154004867 561033514 80201982 22094544 743856417 569301521 690920597 249172244 26224745 6772933 157344482 428079120 276219635 840611511 790391161 496949584 4524781 520513472 995909503 913615340 829055969 97244586 480421857 650385581 173799669 67907488 730676096 599129201 811911051 461965878
30 28 60 69849647
448750953 589228393 875395937 946991166 729202172 577051329 636778498 803647742 237199473 835812036 275881748 685201875 411436820 511086631 76568686 41827433 927807662 620378224 802418810 269874295 692339635 86442160 654656213 546472018 910932990 163880754 967083261 992660741 325750091 584856724
30 28 60 441612523
397581182 752487194 721144464 640084594 73440426 397707276 8559421 20937728 450403322 882767988 12792248 16797227 896250989 164517178 4073942 882280822 165615453 304648856 928940416 986009434 461544653 954289806 32765130 751459423 397328670 825955177 564221970 541298577 286757880 531647215
30 28 60 385941671
148615173 785002064 463443321 835323463 849217046 297612033 546726471 702742162 169896082 727417246 681944376 579606241 218846502 293178131 753956070 607889005 505280157 370537527 510342310 38005510 919782843 358767347 824486950 659127910 971226328 593835776 951159946 43444863 389036540 298065862
30 28 60 223670611
722351225 583565743 134361167 630999806 769161739 610568943 92548974 593950327 793081715 852539860 189249731 123406148 489621978 546536935 4406857 11466472 908628830 955591863 53783579 833722581 354337609 149286169 837060080 157099084 304009323 983353164 908180152 321049329 908172303 17443310
30 28 60 555509711
555521080 458714581 242782684 978627168 966248589 332441933 757259000 870494647 951274032 887078906 464316040 471671671 423703484 681442268 150989024 51759733 833119459 303183026 177029496 952011236 684349265 974899908 134577509 664581317 251223487 168067621 105783268 740352352 832781790 16949415
30 28 60 155816201
368093248 163270237 432033723 978270228 158614808 737390131 659917620 617483493 485614608 20823997 479070193 360074376 160331713 787745716 956310905 717896979 915809037 951622606 127229531 100000581 125450427 877143018 361250786 601215803 974012406 88747136 823960128 942455100 523315776 976057817
30 28 60 548496209
854987418 136611035 753602854 724058207 279772840 685254947 185616705 433041194 927627125 110570398 811659795 788770407 408121743 331932854 285123488 977383197 176895556 615235064 314564384 443306997 89518312 544199522 781333707 325169333 250619370 227717864 581727993 66780418 550114008 577195909
30 28 60 758371133
377832361 202072145 515219737 782002359 861328861 649453790 616862801 291802030 9994132 688005521 644080125 998651540 606043352 385898292 360656191 575169669 79258050 191555170 111465598 543084145 666667326 300969665 35876053 771890723 193944098 951659370 405568599 85496585 884297141 192670981
30 28 60 25769231
800386425 818865228 131575862 808952383 100253892 730652550 678449576 305022491 988328605 31506635 315630820 836085586 981834608 276322193 165752305 440500611 302950842 145889194 127525118 311216430 10398234 545747227 10530217 118320805 500603476 887075859 889091268 954031594 180649069 67373768
30 28 60 3220523
829454306 78345699 322342484 89766362 561853968 777286460 888212850 78517014 851599454 384991994 965589916 777541588 140696010 549245521 452009937 6244637 149155240 402673136 772721588 447042943 554711568 109511349 399120158 174762319 485771338 249117875 201105777 396859187 384929633 676089468
30 28 60 525992281
744081224 957812473 407370564 58301228 157113897 966591232 522107103 623338029 265793612 370168633 615502510 937343712 256323453 819894834 266922677 716888914 476096204 3074844 640374831 706242923 280453949 963354063 160917109 308951678 591032762 185151438 745780654 603495732 93663375 199245195
30 28 60 300375737
880289895 353872166 895088780 662508028 474743204 568182203 885744904 964882745 527454214 853472265 953146676 293346298 924855692 861204343 495705253 412829016 903966009 932512395 627379282 984366093 646391848 309105028 83998882 720814903 932118873 918008544 298087245 529841434 688677752 756146988
30 28 60 649391347
745672781 914195334 357551541 518171888 337462790 244406004 432509229 879020945 858959033 715739863 747735837 941505815 793995972 864632445 829704998 229909658 517153867 569206003 884823689 402087537 356338880 670996926 735750749 591696704 175905041 936006671 600038990 156912795 810263009 529777984
30 28 60 697898537
196278692 807649956 553514846 89605043 810223392 486065000 663411729 398024645 599255551 299776670 944287287 606355262 493347037 481752484 215397871 978774783 492478739 989808243 538151648 807831124 922565536 837939185 583804485 553252224 928959072 745242035 396628887 514548535 583540050 806480820
30 28 60 247379477
502982034 451288708 382233486 985482552 204401212 156282763 961855246 540745948 825775626 5763508 411886194 148304161 74776580 443835125 514072684 779123833 707177132 13849630 907244876 746022829 833177092 798915101 332243769 552775873 322422077 558304827 448783621 383463064 550025342 989818131
30 28 60 686141869
55246136 554844466 667667483 787310231 217467411 26806702 905434039 587327862 788441408 694375244 338277140 597087488 148487728 536822043 51591539 45880223 918583600 950641954 178483649 959620284 935779204 13420657 468662081 709292081 986263995 896926266 79553023 321085097 409157954 322853414
30 28 60 716150519
87380934 355263730 825160415 616924964 154314012 88171516 20598844 316808639 996028252 236948317 134727637 154696558 641796386 165882965 254351573 944562262 393694484 90956087 814788153 171969626 443879348 923184377 252161710 796701081 732752247 507233261 537747882 718988651 935941002 981587143
30 28 60 639667871
206310549 243373664 279137007 597594650 765364994 781215219 243647669 319908957 348679745 14938064 675977816 119150672 405266924 437497630 499968386 373663958 866263341 629329357 233060878 63939002 785946013 736298669 260502944 379582367 78458762 674559781 761917465 772833069 946540403 468040685
30 28 60 328362379
931718403 693339446 606170792 923690570 966260634 248492395 165407879 770110815 191915416 256546162 514656374 792230683 437336576 374789696 509496253 440336254 569817903 331887473 422043919 379530829 330017923 365734737 273037372 87309824 407678418 982881906 307511253 212303154 392259777 573280447
30 28 60 788290493
915105515 466251157 542214003 387489109 382579701 200730510 518447895 835868033 488250192 615847123 108317026 343454905 519172107 250688881 334171958 872263496 192748239 149009384 305821331 132863648 424141653 996321710 627431802 546202822 276092543 701842047 910469274 316825851 892486688 758988318
30 28 60 774094811
466341608 172975477 633787129 110812258 14333281 545265675 609291874 614674392 583291814 949923711 205864012 65649592 435872704 823823764 223915533 769876046 748186566 437076751 670339613 744992704 830317374 238342261 397036481 520278848 508796443 351088967 289358221 893869822 93558575 765867990
30 28 60 955580867
428354965 761017086 853643791 153797393 123871533 871916202 356832712 32064706 730963703 717390724 986510923 308409153 423752934 849413084 932871980 61455343 966019568 660554438 389123386 848407734 914938469 933274238 641880794 304729649 847017730 919995569 117714893 855322750 435431698 625571842
30 28 60 232831607
159968252 959629934 457418367 610570474 96080477 200565388 365698980 986947120 872164845 524511782 220650398 888527242 735584535 121338597 990282548 474954937 783626665 561928414 895478529 759178471 619713232 36303791 79596392 842377150 85108012 256996482 751479919 428337367 914010606 689784288
30 28 60 325574227
446251405 480546651 199786045 76288881 778474728 976592030 544623612 750449472 708027866 56837988 462496862 978601375 780813145 278085804 458130590 140294912 234103103 175293138 11333854 58687091 668054239 459520576 312432439 924674082 260410945 962033082 566421751 537432467 638014796 564974541
30 28 60 164985341
745095607 947109524 155616910 790401688 827528648 172392506 426542451 307213285 789586929 559704987 432704333 464842204 177922280 224746199 568991197 740778494 350668116 15022471 800509471 409360178 765032090 141665630 330797016 837015917 525768866 848507447 52338483 903281842 258801313 112014340
