30
30 15 60 626949109
679740654 428474982 109516595 48217986 794960467 705681360 570963245 13585378 962408019 818747633 318234274 86079556 634880032 938140188 285664400 197954074 257761259 533849222 94945080 739502527 790836263 717999933 400382261 643182483 483463497 986073376 80945858 984270243 645492803 137597398
30 15 60 979344617
299376197 912879067 307120395 32451973 609942058 881416155 520323155 616030183 855405224 618982002 715361423 5047732 537350193 386657193 473924986 734771997 500788609 219123358 200589022 929145669 946971387 785320551 553238888 43149287 698060964 887422388 36893070 564144110 720731586 142511896
30 15 60 288071383
547806577 372573339 253903884 919779804 729582003 631962643 941984120 553453032 873135150 148970802 144231179 595115142 613857158 42202345 834468267 636893200 885418878 701510287 513269920 330456354 334129013 40685158 984180520 703790847 850708793 55305502 713129725 915167105 699319636 556410878
30 15 60 212690303
524535812 700821453 832199972 741706313 722577075 902960720 856934547 978425391 213374024 917925171 189098776 252035364 283133107 52973654 647028684 986785590 385209158 297289844 169431240 220470162 142357795 703034935 987001309 932158198 230321724 820778702 159010776 179244095 812641830 262284007
30 15 60 744482011
406676609 518042585 732768037 174454069 542786062 418270184 82075896 864049188 714618533 430484569 946784273 179472746 239118578 171119409 328197148 6149014 495869070 778211394 413282198 588778627 6337189 408672676 576390550 47554484 809675109 500167854 772092257 697906023 987092465 624010701
30 15 60 673790279
978563485 601644282 883104437 671672684 50813522 663493375 839661006 219389503 78955560 910135617 135848835 403412147 173432349 894610384 374397363 68966058 802176351 597615411 307168674 602465543 16221020 349349130 308289029 483508044 318792132 562131534 680940715 103800489 859134543 612190064
30 15 60 866264089
719738150 310984591 771278789 302475077 616019248 213822029 38534574 257821101 108507422 193928453 247114413 4249192 588297550 935075800 959734391 711260263 326421302 882073232 856960773 708962191 621254611 598947746 849650447 508937144 25546060 310187366 839319280 527326597 575356309 103424658
30 15 60 869254213
851586819 41899950 445210282 247787734 609318881 16745716 259479764 70995135 119746215 648894387 339700670 535060894 383272351 793566148 80770054 916721276 73071946 320452136 754159414 522533060 973210140 459644899 711414620 567201505 107076837 520186853 245094422 433461823 297375698 993954300
30 15 60 456638731
195663441 39143803 20062504 447984040 64623466 748248583 631177493 729083933 425506828 610568206 317852144 169838084 747692279 12686210 4169405 632997556 324847060 540489791 274863882 894196135 683368468 785993568 833992518 817007955 793179761 681966627 615567396 500004809 481664145 976457387
30 15 60 134167319
951609959 836783903 945211992 585655472 614545344 678990618 914298274 274569752 716767995 620931426 489509943 422023851 973365161 714579682 184514989 256130728 843974425 757190156 46417774 637779118 390941556 311303599 885622192 816856853 123685225 73441548 151795765 581138817 27263494 735153667
30 15 60 487534559
986412926 847183285 503796505 638846838 80112207 405955444 843152688 703579575 185186720 846860918 337173050 854942568 24072690 333092672 578779440 935040670 400558834 157899216 984217114 976338588 150453063 840394550 622868883 945760310 961234989 289499668 921368858 788720421 354044544 103547259
30 15 60 923386979
268275607 178416984 599596906 427907563 23743709 284064863 139563244 219712100 73965239 892683066 909728326 947975543 83823065 481281283 206714124 834511139 152420092 50896954 582061527 423305184 837579599 29627034 640706604 470303402 315095876 613646625 896398405 287005296 200862883 420453275
30 15 60 959469671
511101047 171112240 936862108 333972241 513021548 138209148 722068184 80546485 597101379 825062119 626007261 195974661 695867077 361352278 645468852 256575783 91498143 797188381 121917954 946934597 322212188 434825466 754483386 523964090 192957585 356207721 552267479 706782051 78275559 231844958
30 15 60 31598327
805393554 637875860 657491114 386383046 229640831 780806198 131033431 599993488 336426522 955876686 828903263 581885797 796178503 324483512 919806766 999750692 27080982 196409672 492869302 766248396 541198780 466470817 645149793 189213977 15263565 496315819 857067483 460629375 71367164 219037175
30 15 60 716080033
559695538 496651274 938595000 300793751 880757306 598016746 502439942 533220524 158327798 545905186 391423053 945669665 989844533 514559447 879031740 173893200 78247550 75569496 121697443 420675109 848683065 155865370 126258420 920548103 288278495 585652799 457623557 611603739 95106140 945444688
30 15 60 498999127
528334736 971124013 24782628 177865340 756966763 736362957 378277090 513549263 69756054 419828921 202385120 700961980 640524758 687215101 563666440 669416244 339214158 652975705 841463933 70845151 539271304 112696669 382293385 452318663 869218945 493693620 94651585 887289876 822040843 257031265
30 15 60 11047253
431634763 49142863 598652687 817182973 724150729 199025777 574371695 770808703 939312103 838964332 602832944 979328138 410238644 219313612 208092062 997610210 264893763 435297363 954903767 779843569 648803143 116154168 991067829 137237745 852343757 475165820 499647737 459139502 332458650 576469376
30 15 60 543585139
728203250 982374273 651650108 922027221 372319259 326146176 462579973 611496249 970458500 847242595 515227333 302664167 196604922 355479828 172350837 202900177 153488469 678949449 386930519 252308479 745229325 332327126 174363064 953220915 939217576 224485893 281112965 351515737 638358135 457018991
30 15 60 914734487
433821393 108017450 443376389 27971371 474693461 791628965 834461473 339150184 522144748 575028782 590353244 579156538 815377976 502134686 555270335 636610715 49410179 196597208 720344010 736055897 359408385 535316234 84188759 831388276 786917110 859177634 67629732 874648695 69941093 504446724
30 15 60 386377553
553516439 185173603 140772231 872321164 687836227 656041744 274184169 661422968 807985193 416377841 759498781 993413126 392539677 478054708 92810972 751698314 389726885 920364820 430831021 650768263 679748734 22341484 98894846 944085082 627296073 45804485 805678949 836990810 566748320 640092526
30 15 60 302209417
595393892 872628613 482842447 450048664 716060959 815483410 682975981 125627483 835011819 677768654 358249007 249031163 311823798 847525429 318474094 837867097 843210435 44754850 404365699 493743199 719642907 195586737 869343586 573376328 814940847 523257124 78871225 801949095 601737451 979045732
30 15 60 271129547
442843935 154080731 116062906 388548647 371928735 290014764 487056225 787994115 38272469 748694545 518320007 437138159 464642198 158413243 257954780 994530926 89859831 112706346 64739411 688242067 911614826 149728045 244969588 221746931 897589426 905833199 198270737 598095907 900539592 693486509
30 15 60 416402101
285293351 782481595 47778159 236024687 825411256 993391836 877400289 129517896 353944268 467107574 73511267 437198476 149413270 186247028 492638829 737948645 827420966 150038613 186054992 683614821 622973652 212769949 608869752 756770426 587208827 296040085 787307044 131037039 977617360 400616749
30 15 60 37099177
959140711 354062930 442799491 699316355 771227860 959408311 439644163 597629700 590038918 842302571 996745460 669202720 79195182 329118104 527724120 301265195 57423633 443156279 62666881 464216126 406720524 452428834 973531839 321321474 251974110 333352928 650540114 522189141 890518119 619197438
30 15 60 909451943
103929599 27806667 520958819 957464488 94228265 733076464 758310913 85964194 657823158 944764630 427713965 201820588 750255599 756652114 707651619 253574282 168445568 689903748 315514058 431884461 85651480 563995936 468718802 403444629 236037373 373584340 869874242 778127312 303673535 395401047
30 15 60 939431513
899542488 313255860 178924441 3868631 832902365 563594629 544770205 19569601 596603030 195975621 224850175 964115559 36467831 742619841 408664203 888071765 403611376 93781931 407939504 634164177 556713977 199150077 530643547 295977663 943175153 356973487 98947617 804960918 250015089 6900180
30 15 60 804253309
938372603 273245535 449591500 120162565 541759799 385297038 141344841 136913406 721924226 13572620 601212145 492040032 173797796 580026645 661404338 513299467 768561393 688773113 983289588 768542497 534674029 79113680 461816145 484757827 493533544 182217699 207950561 261724836 930592735 187339349
30 15 60 124590469
647006509 252651461 550197555 544368512 276536372 44403824 843714299 349908191 494472823 49395558 992931235 101841369 217037262 434995165 915175477 586512826 595594374 953010909 542319975 767740753 162000422 959609609 369140999 275674050 754670147 646885777 397988916 370171930 74524270 697472527
30 15 60 334647739
74653710 559317275 465931377 254366702 40009308 926637474 2486954 256919944 114185245 487933390 765898664 57210310 307906070 222068229 273036164 398349637 573370660 552603536 146772176 93420308 208343293 986064510 457473091 146605106 366217287 172326821 43846475 99405812 892380887 62488674
30 15 60 453721877
112705948 458365722 242579786 792552770 649296640 32275620 530601986 867215723 191686398 412252767 84189361 974985530 285123709 46900703 312003264 255828536 520806564 835034741 233932270 726452788 576487095 508841549 572157735 671358255 581935974 47644564 615034670 409459806 148236449 259720552
