30
30 27 60 999999989
999999990 999999990 999999990 999999990 999999990 999999990 999999990 999999990 999999990 999999990 999999990 999999990 999999990 999999990 999999990 999999990 999999990 999999990 999999990 999999990 999999990 999999990 999999990 999999990 999999990 999999990 999999990 999999990 999999990 999999990
30 27 60 999999989
999999990 999999990 999999990 999999990 999999990 999999990 999999990 999999990 999999990 999999990 999999990 999999990 999999990 999999990 999999990 999999990 999999990 999999990 999999990 999999990 999999990 999999990 999999990 999999990 999999990 999999990 999999990 999999990 999999990 999999990
30 27 60 999999989
999999990 999999990 999999990 999999990 999999990 999999990 999999990 999999990 999999990 999999990 999999990 999999990 999999990 999999990 999999990 999999990 999999990 999999990 999999990 999999990 999999990 999999990 999999990 999999990 999999990 999999990 999999990 999999990 999999990 999999990
30 27 60 999999989
999999990 999999990 999999990 999999990 999999990 999999990 999999990 999999990 999999990 999999990 999999990 999999990 999999990 999999990 999999990 999999990 999999990 999999990 999999990 999999990 999999990 999999990 999999990 999999990 999999990 999999990 999999990 999999990 999999990 999999990
30 27 60 999999989
999999990 999999990 999999990 999999990 999999990 999999990 999999990 999999990 999999990 999999990 999999990 999999990 999999990 999999990 999999990 999999990 999999990 999999990 999999990 999999990 999999990 999999990 999999990 999999990 999999990 999999990 999999990 999999990 999999990 999999990
30 27 60 999999989
999999990 999999990 999999990 999999990 999999990 999999990 999999990 999999990 999999990 999999990 999999990 999999990 999999990 999999990 999999990 999999990 999999990 999999990 999999990 999999990 999999990 999999990 999999990 999999990 999999990 999999990 999999990 999999990 999999990 999999990
30 27 60 999999989
999999990 999999990 999999990 999999990 999999990 999999990 999999990 999999990 999999990 999999990 999999990 999999990 999999990 999999990 999999990 999999990 999999990 999999990 999999990 999999990 999999990 999999990 999999990 999999990 999999990 999999990 999999990 999999990 999999990 999999990
30 27 60 999999989
999999990 999999990 999999990 999999990 999999990 999999990 999999990 999999990 999999990 999999990 999999990 999999990 999999990 999999990 999999990 999999990 999999990 999999990 999999990 999999990 999999990 999999990 999999990 999999990 999999990 999999990 999999990 999999990 999999990 999999990
30 27 60 999999989
999999990 999999990 999999990 999999990 999999990 999999990 999999990 999999990 999999990 999999990 999999990 999999990 999999990 999999990 999999990 999999990 999999990 999999990 999999990 999999990 999999990 999999990 999999990 999999990 999999990 999999990 999999990 999999990 999999990 999999990
30 27 60 999999989
999999990 999999990 999999990 999999990 999999990 999999990 999999990 999999990 999999990 999999990 999999990 999999990 999999990 999999990 999999990 999999990 999999990 999999990 999999990 999999990 999999990 999999990 999999990 999999990 999999990 999999990 999999990 999999990 999999990 999999990
30 27 60 999999989
999999990 999999990 999999990 999999990 999999990 999999990 999999990 999999990 999999990 999999990 999999990 999999990 999999990 999999990 999999990 999999990 999999990 999999990 999999990 999999990 999999990 999999990 999999990 999999990 999999990 999999990 999999990 999999990 999999990 999999990
30 27 60 999999989
999999990 999999990 999999990 999999990 999999990 999999990 999999990 999999990 999999990 999999990 999999990 999999990 999999990 999999990 999999990 999999990 999999990 999999990 999999990 999999990 999999990 999999990 999999990 999999990 999999990 999999990 999999990 999999990 999999990 999999990
30 27 60 999999989
999999990 999999990 999999990 999999990 999999990 999999990 999999990 999999990 999999990 999999990 999999990 999999990 999999990 999999990 999999990 999999990 999999990 999999990 999999990 999999990 999999990 999999990 999999990 999999990 999999990 999999990 999999990 999999990 999999990 999999990
30 27 60 999999989
999999990 999999990 999999990 999999990 999999990 999999990 999999990 999999990 999999990 999999990 999999990 999999990 999999990 999999990 999999990 999999990 999999990 999999990 999999990 999999990 999999990 999999990 999999990 999999990 999999990 999999990 999999990 999999990 999999990 999999990
30 27 60 999999989
999999990 999999990 999999990 999999990 999999990 999999990 999999990 999999990 999999990 999999990 999999990 999999990 999999990 999999990 999999990 999999990 999999990 999999990 999999990 999999990 999999990 999999990 999999990 999999990 999999990 999999990 999999990 999999990 999999990 999999990
30 27 60 999999989
999999990 999999990 999999990 999999990 999999990 999999990 999999990 999999990 999999990 999999990 999999990 999999990 999999990 999999990 999999990 999999990 999999990 999999990 999999990 999999990 999999990 999999990 999999990 999999990 999999990 999999990 999999990 999999990 999999990 999999990
30 27 60 999999989
999999990 999999990 999999990 999999990 999999990 999999990 999999990 999999990 999999990 999999990 999999990 999999990 999999990 999999990 999999990 999999990 999999990 999999990 999999990 999999990 999999990 999999990 999999990 999999990 999999990 999999990 999999990 999999990 999999990 999999990
30 27 60 999999989
999999990 999999990 999999990 999999990 999999990 999999990 999999990 999999990 999999990 999999990 999999990 999999990 999999990 999999990 999999990 999999990 999999990 999999990 999999990 999999990 999999990 999999990 999999990 999999990 999999990 999999990 999999990 999999990 999999990 999999990
30 27 60 999999989
999999990 999999990 999999990 999999990 999999990 999999990 999999990 999999990 999999990 999999990 999999990 999999990 999999990 999999990 999999990 999999990 999999990 999999990 999999990 999999990 999999990 999999990 999999990 999999990 999999990 999999990 999999990 999999990 999999990 999999990
30 27 60 999999989
999999990 999999990 999999990 999999990 999999990 999999990 999999990 999999990 999999990 999999990 999999990 999999990 999999990 999999990 999999990 999999990 999999990 999999990 999999990 999999990 999999990 999999990 999999990 999999990 999999990 999999990 999999990 999999990 999999990 999999990
30 27 60 999999989
999999990 999999990 999999990 999999990 999999990 999999990 999999990 999999990 999999990 999999990 999999990 999999990 999999990 999999990 999999990 999999990 999999990 999999990 999999990 999999990 999999990 999999990 999999990 999999990 999999990 999999990 999999990 999999990 999999990 999999990
30 27 60 999999989
999999990 999999990 999999990 999999990 999999990 999999990 999999990 999999990 999999990 999999990 999999990 999999990 999999990 999999990 999999990 999999990 999999990 999999990 999999990 999999990 999999990 999999990 999999990 999999990 999999990 999999990 999999990 999999990 999999990 999999990
30 27 60 999999989
999999990 999999990 999999990 999999990 999999990 999999990 999999990 999999990 999999990 999999990 999999990 999999990 999999990 999999990 999999990 999999990 999999990 999999990 999999990 999999990 999999990 999999990 999999990 999999990 999999990 999999990 999999990 999999990 999999990 999999990
30 27 60 999999989
999999990 999999990 999999990 999999990 999999990 999999990 999999990 999999990 999999990 999999990 999999990 999999990 999999990 999999990 999999990 999999990 999999990 999999990 999999990 999999990 999999990 999999990 999999990 999999990 999999990 999999990 999999990 999999990 999999990 999999990
30 27 60 999999989
999999990 999999990 999999990 999999990 999999990 999999990 999999990 999999990 999999990 999999990 999999990 999999990 999999990 999999990 999999990 999999990 999999990 999999990 999999990 999999990 999999990 999999990 999999990 999999990 999999990 999999990 999999990 999999990 999999990 999999990
30 27 60 999999989
999999990 999999990 999999990 999999990 999999990 999999990 999999990 999999990 999999990 999999990 999999990 999999990 999999990 999999990 999999990 999999990 999999990 999999990 999999990 999999990 999999990 999999990 999999990 999999990 999999990 999999990 999999990 999999990 999999990 999999990
30 27 60 999999989
999999990 999999990 999999990 999999990 999999990 999999990 999999990 999999990 999999990 999999990 999999990 999999990 999999990 999999990 999999990 999999990 999999990 999999990 999999990 999999990 999999990 999999990 999999990 999999990 999999990 999999990 999999990 999999990 999999990 999999990
30 27 60 999999989
999999990 999999990 999999990 999999990 999999990 999999990 999999990 999999990 999999990 999999990 999999990 999999990 999999990 999999990 999999990 999999990 999999990 999999990 999999990 999999990 999999990 999999990 999999990 999999990 999999990 999999990 999999990 999999990 999999990 999999990
30 27 60 999999989
999999990 999999990 999999990 999999990 999999990 999999990 999999990 999999990 999999990 999999990 999999990 999999990 999999990 999999990 999999990 999999990 999999990 999999990 999999990 999999990 999999990 999999990 999999990 999999990 999999990 999999990 999999990 999999990 999999990 999999990
30 27 60 999999989
999999990 999999990 999999990 999999990 999999990 999999990 999999990 999999990 999999990 999999990 999999990 999999990 999999990 999999990 999999990 999999990 999999990 999999990 999999990 999999990 999999990 999999990 999999990 999999990 999999990 999999990 999999990 999999990 999999990 999999990
