30
30 1 13 326362087
208294445 241322288 19350438 72780403 160099923 682462616 48134488 370653669 445216938 951178178 562553876 547987496 58513844 39674568 357860936 80436798 637029505 870179562 398605289 928164170 350453949 55138102 28459892 64709636 316139247 948441778 346220188 944353155 776930394 880094113
30 11 36 260984317
58292385 343974257 673017695 45824328 872664926 269376575 807089201 360266647 745173983 228732721 734472418 13293826 844471819 346792889 462771864 311543761 907701951 908264418 508050957 172869249 798337827 200802557 261172849 540271135 701049052 181758647 663762922 983354711 689570401 77168556
30 4 52 34909493
68402702 894169188 885900623 71909213 767124409 56109493 440846434 833998955 577192480 145128495 995003088 746647119 41737897 336352080 172306433 865860887 215965987 852592344 206282287 752448009 716326297 134825156 600457069 220043741 515025656 804052284 251965841 793704324 959052093 243656734
30 2 59 373486223
526987856 219032275 248079889 470983836 42808229 553981542 282124294 199358630 315548886 634290254 787843891 209721653 880224942 64270960 468401693 537995846 106409959 752699206 300856414 746639502 131405392 160232203 846681198 994730367 430121477 763825489 404972808 829442721 802422452 42629100
30 4 29 90919307
793156681 255300027 997209934 340531047 621182430 402384508 546740954 74075063 176418981 835678440 957995043 26630316 1018494 554092343 957304700 688730086 450554882 576632673 982016331 774693440 942461614 814841032 271656207 706329865 338007666 416722123 73160624 723862069 109164893 779915252
30 13 52 337135303
763899284 442508338 214463581 602189049 985936711 605089222 352826963 799156984 372756039 910760886 990424866 380470854 32974325 493047543 278483395 441477948 513188797 287644341 143878047 995362440 704280194 792388031 76314394 754700880 681060907 752458507 123560931 843718979 802434467 266495168
30 9 39 183948731
277113785 882629981 517057674 949348577 685847768 305328749 707431349 231291268 612163139 852625633 481895869 691137542 550205988 346636393 906013978 717585323 75185551 573486020 390365840 104430652 819165064 287451247 848979932 883430908 528136619 192059299 145516765 215099431 515302666 297182637
30 5 41 828040069
722169736 685026998 871748388 673755096 557549878 515213244 610457346 757453355 542500776 715147314 479495586 25691664 163988252 824353384 573363569 873833983 302291748 63485877 384061546 606361558 613603535 880014978 494119646 377320226 431237869 634174680 35146900 298114400 592766345 87162228
30 4 51 429200143
642357932 419211432 708774979 990984462 283164480 63787970 835440209 735110750 84132095 147467775 407051416 61556247 353954909 348197626 890848030 855144779 167592755 507223128 312763770 666327216 219527676 597497057 651353170 544592528 767535051 801658733 278023653 132833572 878932548 479166769
30 10 33 428216293
431043705 556430361 912464676 909801269 247158271 238699514 691782713 347811699 292977259 663008386 191591080 286534402 984546255 188507285 550820943 83571132 988859340 68861895 882806620 862648189 411537991 407383801 321942205 140695642 161365976 144660830 663800180 570763832 77604608 454545109
30 14 3 905454251
237093109 849993190 969813851 47920759 990998375 397355223 279576154 874839029 920727716 683940099 259466771 729109822 875749798 436809970 96733472 169466001 54126186 736653229 581013735 735743408 794765166 913696121 12687502 40826475 856327069 555590747 609178533 982312947 235169446 12684405
30 9 34 344370251
488026688 84117963 679394293 788658080 767162370 877546318 984148736 361241206 443154635 405157437 982249412 675882277 874835003 287798948 185805516 246728756 523044978 540682066 828031959 785813506 109913184 324585306 720178159 270861336 465481404 670585226 697678044 385512833 600066094 913771323
30 13 18 548413427
762155064 119836175 895378341 537947141 727249394 281419567 334333878 916313873 391914333 689884427 612899172 600320005 436690644 370106835 389259921 682821918 317252045 16716244 776122190 301659509 25266866 338984864 643315871 791652218 319929108 444110900 277932456 355025892 583741115 863011623
30 4 24 668588107
854054122 862645743 899269342 599700313 29965178 461023071 121676068 322339868 203233285 227111005 898399977 550560102 272163995 749521350 873937468 176819887 116348508 867053647 316663447 538501853 790579895 164116507 618691608 961457199 6197916 811464745 453315360 473958186 13142249 585950865
30 5 21 254369509
378900137 494153976 522663923 705143566 957819887 609352199 100063111 310854898 790316279 433562977 87226315 941906591 263965669 488195622 191710438 997768102 459003137 79878776 74659726 195226894 83645766 168730779 529641919 485145263 325999301 126468577 858005678 214279548 460621824 769203387
30 10 19 563397833
864543339 71865223 111420364 667615486 982603111 146578570 22833306 134618126 248386201 11450359 884017641 832317847 97709548 921620016 436343701 978022799 165944522 255154813 824335861 456922352 421892848 419580674 600556773 671786114 452916079 890368010 991111202 348535638 189368891 837310762
30 9 39 548328379
303063752 827301255 333530694 495862179 169511502 512631760 440534355 986568356 930802251 894372938 63146728 465281248 310704908 653849374 470276702 344975331 487970343 262164885 662830710 699096175 647888205 548825452 536625947 724735219 916384014 488926604 465701356 371985290 575089756 699791529
30 3 44 397087499
455853455 742621276 404556042 622189564 130153898 172997919 530839245 381976710 945182079 709494425 162147844 505063342 706905517 308377940 669815197 707140104 401478992 903169117 153602621 414992652 824076573 959777206 969741061 888015522 331156970 567567457 993863133 667695370 724661301 215380269
30 13 4 330575039
465832345 315608808 343920350 665943713 340223268 37842827 656104909 919671315 534314543 872590028 591561110 58414540 461532800 972717876 23114046 449112345 577182554 895921294 684554758 576550367 687170715 78718410 272013539 137154706 158923177 591260930 105801752 550515542 775335837 637762999
30 3 52 153143933
131059539 175111562 523683254 867853160 796315049 910565730 502612538 470513783 201986147 297754062 150972991 565909633 308400126 153144590 602997189 54886118 67469624 93049551 735891644 948153668 241737364 164353322 230389955 922755087 992314208 171229236 799159980 440619050 609027164 437278888
30 9 17 311320777
387464302 832837638 271568809 938422990 131982629 852884919 605200497 31198591 372360609 395508100 974470895 539749895 142914388 596722556 428915774 674513478 68066915 842800392 723610815 625711305 972877443 631668289 129328260 435345336 669979252 486166373 830840395 208976779 814373421 857396197
30 13 6 603496949
582430272 119091979 307131032 73673371 59454767 499435607 864681795 93963543 551674459 492253625 777294095 469740258 289798884 378883814 356396893 576760987 223548220 500739905 654140157 488719037 676126830 787159521 808878427 74965065 164626601 185800182 860913626 508815576 155261885 283704895
30 3 32 806918129
744585804 353715959 725600075 93026585 396045427 97160798 984668354 878253102 636425764 502277526 899783786 885413828 35663805 107270758 351923022 438508844 155992593 374402197 396158424 115486729 336707444 42691616 995224327 542522614 61287390 987316707 19183805 578338629 830673572 489828730
30 8 37 468761393
21402119 860041329 692734176 969952418 929507481 657860500 74223603 750407582 202975446 241643225 819004869 946032244 754756506 986411311 252864824 891314807 106533325 964688353 788970878 820789511 988616555 147698526 359018207 464821913 475539635 237912358 22633227 623672467 636486778 587898874
30 14 19 914779951
853771590 821294116 402046273 966725640 297022676 95520435 441553272 398362081 169645961 736341600 813146065 442551223 782259326 881057846 270663488 186985371 800078748 392613672 911146283 522039264 306045270 678621605 93110271 162333578 14465678 343799130 862188172 460080676 275904320 314757549
30 3 31 671109649
460747724 136069225 821123894 379496610 969188420 930020127 792004703 904452718 480676807 250871628 894172163 705247707 906604404 757187161 768279510 930320742 959778030 178008964 142979620 836434160 469587784 919287090 165947976 561154174 540269694 424380151 87118472 138442089 636733059 256751608
30 4 7 918308837
707635531 826787866 964028243 353015198 857147040 615076878 131268188 498006997 898126204 402098097 468001355 280402215 269299990 449060789 33363767 11158022 608377631 727026251 682204423 478401301 462641398 967602727 731535526 973117033 978626763 98487018 100224401 590990611 467230716 970763287
30 4 13 86239651
410697260 283094287 855347919 489104286 163442797 140219380 987207571 756958811 428090255 243339276 360201051 198397266 894936660 620160260 653098879 255160637 553775340 163630684 322177988 697456159 134683180 223143878 936555535 544469600 590553925 694915106 919933827 600076431 876789417 527100053
30 8 50 935469379
219423610 820931370 6343146 919492219 469190844 329876750 521462471 197718041 430669748 994237936 325698601 984273858 478954005 865169703 371263069 48265535 196160066 471620393 893514162 27900449 982872556 920981302 465663356 323633388 502081635 33511386 988715545 46975186 916713596 806375472
30 1 40 577650179
408093676 818182880 768688741 760882085 527865738 390315658 260375040 210887525 909607848 73250540 66430556 564303464 359285000 763746245 512145947 335992581 145544809 773164175 397818024 791406972 937009560 604499344 231719575 683702781 643572751 778573999 882852162 976387017 444851802 985955678
