30
30 4 4 641133937
333771346 944250750 316337049 70871288 150533743 182787512 251605687 919793763 884013611 982427132 829708113 834182438 606801494 317623189 46612143 89366342 645829597 664980675 751949167 745485785 557055027 952934483 45556007 541455702 73695356 18784856 529171393 844941956 721106748 126041024
30 10 16 705905147
987644329 362083735 793882779 492845864 628817645 278835924 242632557 139008636 4049078 217059747 375877633 950670770 93058349 446345989 925699343 625460330 524985185 316709900 390360873 884341170 677367359 516252797 496205823 319528704 437606386 676100127 707297260 129260188 582771671 871774196
30 6 30 979743829
473993031 866820497 710540938 927555806 294629707 749064003 109644773 652116160 988251718 886995488 255618741 203553595 121603155 673050657 770970738 623236935 172210106 969735644 87658711 737802428 736861471 798490238 977017867 688647743 35130420 796611647 595545247 61472050 260209387 793360491
30 9 57 835503409
290371613 957101624 726739499 95207549 928900707 810499687 53324116 884141650 960225579 892791854 560110120 656263281 617154949 982502013 537675095 682280496 264666344 666822443 425530806 91257918 238612806 421437127 907525797 178974293 980527520 748373764 920191555 421335203 293468930 575094378
30 11 19 778664533
443694168 724986069 916872111 493760828 841212091 897017925 595923253 209848608 953886371 565045688 102073290 207921862 812024918 16359902 376321663 769366728 565411309 918095786 759512504 445441695 909650510 82252813 638163457 813349955 929219267 972586299 975077778 625654792 548010846 806216060
30 14 27 455129867
436054199 841913654 861016357 777426373 544554041 426365523 819695515 850194212 29876870 211504090 746101886 723980871 416629581 161080068 517823170 584863863 614860634 780976633 927222710 909581529 509879872 321239330 992221953 971716461 923732118 239965872 540473454 776542025 804353722 761470015
30 15 56 621394277
671966852 630318571 882976639 603381200 44209245 421905572 345865140 478107648 87126696 436616370 385188485 724071536 882388574 946909610 585949454 249888599 77885540 633845340 10279 730157408 222744732 316881237 476791499 616656084 908143468 311005833 571331320 293491151 945273767 524250012
30 2 26 745384721
609557233 646542735 557178386 648991364 456226350 558122466 505373146 637833457 656413194 565958226 531375781 296022617 582555164 673513063 476129918 147744079 504183322 1568322 661040894 267642601 786854858 230257927 477362172 849619098 563617985 457922395 692928662 53632968 434027731 969066323
30 13 44 625536331
553698082 356920864 248364305 148863119 389780922 292177824 7613149 250027008 482241534 418674098 399169840 376862089 981273159 812334182 621946008 217073501 805335500 636701898 977158728 732161194 699171314 823921296 93193098 864417154 118648439 491921985 231711862 426372230 785581428 189626248
30 11 28 288473609
904837864 205686288 593836209 915124736 357468637 230896008 71174924 644818848 596947384 194931916 154743067 111685214 21046115 319853650 984266911 341102838 318326183 172389304 397793158 108641552 106634597 202431878 807181644 74792048 755878999 768854664 304668841 24191616 142205278 538043215
30 1 6 390658063
565962013 331672655 618886639 564480591 491944287 491727935 488135921 903420442 741042416 842015937 201967554 254874601 897230846 756295181 47177879 704393461 235447989 747925610 694540643 908957539 872085564 822152486 270912485 21230821 452622154 267408999 326711737 492582953 829003244 402250623
30 15 7 108103381
106899071 921981322 871669014 474711734 507257670 391702578 371207371 196175038 517550506 349217838 93976537 341927630 290858862 263766245 905117523 620387944 589008242 391862451 28563332 678032897 626811902 627092185 167422758 593661607 28416202 222346199 950289128 442988028 355128502 952235923
30 15 23 959477653
458236699 273280191 554223559 990175524 339796460 583104873 87573115 942962252 614061653 42993552 201691522 588239096 765690102 816675024 134817981 151670435 131596966 579712335 608963182 183713059 459579202 693479461 583942837 701075036 973485321 734956516 792833579 16118020 608585039 33710125
30 1 5 960322433
906990213 417095758 193898026 854172076 897722395 318111476 116429451 892619619 200571460 152918773 968918016 761981710 268838717 902425445 132584291 576232863 990422954 659555620 939111562 163441181 583879514 471785715 250721694 835889534 551758950 839121702 838170990 17625577 523154821 239158923
30 7 24 982468499
150944374 262332063 673343219 760242775 71228970 168750701 575143000 462361141 598349932 708395606 259553659 142462839 436495215 336709757 300741799 787059482 670186137 317053649 872479234 192081286 596103630 145351353 380265387 410526632 904638677 362058699 551396058 344747717 244270973 669031313
30 6 24 276536881
114012149 312919279 688940688 749743373 29570546 623016933 103432228 903576283 872654486 432244961 610175431 93886224 465202818 374420503 25945424 976803211 326193358 411895539 67555584 83047208 324306160 26489598 568752058 887696752 693932326 68287504 33750848 324126586 727690363 604510029
30 9 3 314888279
765664434 628512570 360818421 775303848 953600243 799137618 443832945 835074559 100239434 390360530 835465194 383621601 560123801 862878616 225154178 171191277 832375252 77292619 689936620 214660451 687210862 810260251 138371569 923369784 543747632 778012592 936242008 677032128 514583368 3515455
30 3 44 401780641
518734423 401771413 469620849 72989624 525739508 778997999 68489378 949820678 494944422 871372166 45937988 793974145 151468307 899607938 885367191 222710105 752417469 219827134 786987007 377977574 735215579 375736822 103988378 667703393 836615284 550662209 370024043 601207302 643601763 46052439
30 7 52 671537887
572590575 225831944 429294213 440201872 754483987 193469058 433367338 908046712 217733443 728940968 729294640 219623684 545443300 257360029 809117623 821878588 447554194 681033945 839717085 591827153 593153975 754317197 109825714 284846755 446275467 777015133 842535217 416288123 173249323 483880917
30 10 53 881804633
932012678 789526174 850739916 22206655 503007639 2423091 162170610 87784064 477369830 321892035 485827695 148149048 479018871 437686429 854143941 159840516 573972251 577548879 665631189 876903078 357550097 9444269 316692167 157654046 438036389 504032725 910106797 134649439 747456190 52078225
30 11 22 677982347
430924495 742093003 200155689 286295041 831507579 391497785 303230165 606390909 668681530 731236776 208596774 436811983 865205272 288796300 190997114 664834927 867885265 465971680 409166995 479589224 179169747 861117785 189627359 404311609 414836700 642387904 362706913 447851886 386525039 712706521
30 7 19 760494653
268912899 531251052 2948123 414778305 653696120 364663454 872219144 248208070 76255566 956287412 322642386 513475892 278274537 991510461 112257734 543473936 643413185 972609271 706719034 779725143 703347200 463360106 901462304 364002537 967788347 736724022 88389501 207501815 106745656 200009582
30 11 51 791918561
916084341 90536194 615577899 259526010 710739294 134004880 503292047 674630339 880159082 533313496 124012151 838047155 144006382 90837443 567002770 86646374 936476097 711753537 434893611 105885961 538426738 153477560 513659905 367979761 802175330 987362286 564085270 393890747 667204066 159917392
30 3 11 283685941
846181676 578339183 113766792 319612720 749164715 479294063 939808811 867243535 96299914 673626942 751636873 163584054 695703916 858049957 202793409 2776434 591920555 61632849 986151002 103304873 433829962 310015290 435022291 403522015 770121608 179743268 530519264 370540463 472767160 830417047
30 6 34 346270663
367568877 642500248 957662480 602886512 10347384 89774504 801933050 786781504 459136492 793663068 167830141 616561121 674890740 53589192 781594304 563063172 831310787 353264315 430796359 526043960 662196941 194730435 628547071 661443959 42895525 162372426 787917017 226047214 581171599 528056521
30 2 49 674859403
417761303 725615556 125961167 21175802 583898038 519849812 716033329 203392039 432627012 544253595 328370924 445127180 763060177 918001971 674671163 187109597 636279235 624199631 414548462 523045456 215450611 50991258 329967548 416288621 564494298 896046285 736828135 493090721 153327930 498464468
30 1 16 839109187
900475457 877846039 324539730 944711140 285549077 342192385 926971364 748917900 787498309 163587549 102947431 667885046 745379305 545730641 704191961 603723089 669061100 953086297 107180091 700591535 491846945 3398425 129542812 786180399 539631051 675374019 199690449 328372041 254581688 164795465
30 4 21 597249379
784926939 936103623 701068298 357936150 392956217 932053821 862929036 674652647 466984576 345916609 321181900 378892515 294446587 400329181 963551394 874127978 898521470 272032326 921536677 890247870 152699513 133188976 336027254 795600422 721285312 980275014 704265506 439603952 909892979 712475952
30 7 2 823583743
547576480 257383467 193443418 890291519 325542122 843871189 53764892 637684949 204262684 731446376 188377100 176060573 604415082 56873929 90102429 895444051 711349178 317604037 874067539 231590409 142378243 608447889 807494162 138473396 151637705 277644455 851486542 691922883 399121598 136493896
30 1 30 94926779
985902300 899736225 772673051 438862247 984094338 108203878 660496305 481665791 515212030 859278127 156800210 210068478 267196848 118215034 261078740 295203499 504337439 124862984 588546650 773162192 280229103 676471750 743658531 519586550 502211542 988887790 296629538 709835161 86913161 858480270
