30
30 3 2 130294399
578706313 237877582 519680803 167471159 896935299 241854352 30372495 948418417 427866135 898830215 73322791 316322396 791974148 92519186 125214867 699458192 272258814 953165584 548579030 618217799 850332755 183911715 946232651 198517977 917930333 838655410 391681582 114370031 187638798 894012072
30 3 54 862623307
844883117 179777083 605230480 53388689 850674080 533497722 47923323 242002090 218003868 882948027 671965189 499915692 558502560 635168033 515742730 808188562 948568695 642830733 196422661 648081889 488955244 213864164 170692142 960188031 683891195 303376117 24595666 759743354 35099108 365609278
30 13 36 111974767
382120431 615804756 261970735 522926147 901546206 482027566 220535882 218844362 773934139 305724513 848047450 736462314 976330875 141862583 901904327 756667485 294394631 804018021 647739070 26942470 141544650 648603669 757290469 46247229 955426421 496949297 577783005 570899768 363574545 111251206
30 1 20 876728219
546495255 210652761 80995362 127132057 138931263 36039720 902916183 275588307 403900050 542220168 239626376 598381222 709278922 309091751 767690204 699374107 945107442 34606027 359393153 236148849 316185907 698243222 994052634 188272563 706205642 805570724 843521593 64231094 565948122 329054958
30 7 6 820107707
68039549 310669234 776314832 437583634 597597796 417520534 913040948 241710399 159888410 625645851 234232111 353871408 16679183 487163079 681451076 913107238 143946182 208696490 345275260 108755053 811069710 376660177 671858885 363583519 487628384 610496705 643909738 14358765 626522235 62757462
30 4 43 170977807
798891158 680009937 457173328 804298778 95389398 499375640 107278936 311138385 717377483 503156370 193512983 786544896 727574858 424996049 186924703 658458227 346880081 12837117 220070161 824720312 348247821 415980690 614313186 553190776 900756024 474136835 262358401 621376994 988154808 751972638
30 14 15 167410189
665111406 23290904 389394551 467122965 125441555 21267401 726071639 413712024 212499294 64813556 305112049 803275544 961808009 191526725 670455780 153797663 993888770 221312869 260451606 821755110 907780284 736955537 572087695 873109973 321399470 712566958 629016665 287085912 503576637 343739682
30 7 25 928096829
54245468 140223633 343482091 428160266 167903932 396696862 300843215 862785128 336583945 52894088 623388036 417028634 86520822 629911379 759150860 361361502 862557235 267171092 495870493 538651295 926267494 860071419 938270320 657874829 706558432 902130592 729128258 456081685 680979594 525559897
30 6 23 534301507
198378691 141775084 991095256 406366391 147996186 882791632 867795046 850476437 409230041 489871901 882654326 523019505 131830823 472625323 241599158 643009697 268292583 94965394 974862944 574804555 309398632 23133297 790004513 492316333 177863960 291010413 673404544 634441892 766113122 965403365
30 14 25 653572921
799589003 720934141 92825329 323891861 935109313 121719350 943333410 421437034 638328250 354631488 70751467 261852149 544853666 449114352 162322648 709452234 898777744 330102072 853378466 521135301 653292532 136860328 456572172 304733128 573016716 890167091 564883479 54565685 224711752 232481161
30 4 18 129114283
845508449 988590697 431867389 936580768 213404134 275403345 712883335 216064355 775433257 54668613 980280917 125888744 627811218 591071683 770104704 29787255 472600853 141237905 951999842 912773687 357039825 607576497 668668161 472442490 876924479 213527952 469562014 326744241 281295188 181990141
30 6 35 771507253
318299417 319208084 726037508 990798639 531941799 144810964 166719973 763500606 362048966 148962215 864191281 445296841 701124643 798935232 970137611 64607571 619322753 107109654 366058116 669195757 488332068 72865238 669924020 672962660 213037416 928164819 994464289 52352036 711614262 769285003
30 11 31 856686613
164289819 321436816 147014087 988837352 217718430 477944329 195568698 642340264 530296024 429030675 126913822 763830500 943314684 652360806 252750598 692678300 981072927 55257751 217268902 246926668 973326953 993711495 826418581 664632328 209794467 585858012 524927171 840972095 314034279 112841810
30 11 47 721569373
46040981 296025173 888094334 287892607 861482244 338537186 97303807 657089190 372001425 115311150 25269595 275049626 471185732 389382707 628227428 509251581 947644982 139832966 980332870 411306879 824050030 504115942 406685946 132450371 150567506 695070229 479752300 564815536 159045696 659348333
30 2 52 907707631
107155728 181540831 255655403 604145513 930278931 242761965 88994268 721713142 113269856 419315725 937361250 166235233 454157716 46493286 661401665 375290134 62517709 490854755 486421022 934357110 644553588 144218981 904652559 586683537 842612433 335061575 937540919 65986884 871048643 432919986
30 8 53 935100623
621184336 602704370 252136096 990047205 822175351 782180996 696912047 668596774 272384189 257383275 688193303 298648722 42492109 223490977 473069026 638028789 168878862 361105702 123344041 689009761 485897282 818697152 522669404 478816987 743217448 503601818 782843551 525940480 176774642 814420134
30 5 29 433507423
129573338 227069955 377238996 984187777 305642998 160594979 193789934 827423499 589459473 348109800 460065163 130959183 194438203 965063216 677933732 52607917 420531984 300162798 836299581 709022137 585927417 639685630 313566242 814006944 129908385 245568270 960810048 212349213 968619841 584825992
30 15 41 896444069
471425554 489991801 118735549 386939732 69899712 418578036 583674423 633285089 319831106 571301328 180109977 255925899 525776723 120788757 357913533 769189350 299160432 899280391 336504203 987767137 597034495 808634159 17953280 930440393 944415263 761259094 324682299 687063637 903026624 647903643
30 15 41 854545151
815240114 86035197 293055054 209170750 300459959 919582847 848818133 408842199 185609378 109437757 458717562 890732624 149419784 950135117 996890754 390082956 506422772 775543488 14106391 945714246 4118742 238090415 127402787 52144801 900263633 573202469 609021811 497219920 119437770 207112131
30 14 24 403615109
734770471 587289144 734171434 294693538 66299491 169847650 547361452 422081033 732525069 166486013 979769791 644516428 58950495 808521685 715571407 209465423 139358898 155918654 576353285 10221757 959150148 257383432 788199398 16888925 637515588 488433859 694061758 561274947 740403891 525947532
30 12 6 878598271
232885713 647966948 600482544 868358274 889316805 590491617 559287592 183227208 845556321 613296137 374244332 726356728 736567987 697433831 988806528 231735381 289781395 180950459 451861392 841486921 263552865 285107597 38087731 258155655 741039287 248190522 523401539 920137881 43467881 556866213
30 15 32 309303329
99774403 485299421 222677817 205685019 165021898 724241195 756187210 247944764 684139809 644256987 78808621 142660428 139173933 131932513 492553482 147642417 415700589 660907298 249697337 186716109 380986814 129651923 321195265 608048101 465089576 379017916 172768158 524613846 227536443 102027611
30 14 10 336808507
81453405 156009200 748287183 550365963 583235881 244324411 63644260 373961190 144020387 56365346 968051518 233959722 108131486 320643386 328090931 350173905 328754301 41217665 291770925 133413904 746852528 9115138 281659456 254263138 212610885 318044841 681518029 230366229 760222642 380343144
30 3 50 71337893
417901084 224774393 539827155 195730283 130613023 304542732 359634065 994851098 730389278 763748469 320191307 782893249 701645264 185162564 758347358 465129886 843238918 983449442 325442717 560347321 930048083 812303433 27317283 132798974 541852740 967427835 87922914 222233780 901774806 476964965
30 4 3 844990661
151309319 414794118 391825326 615195715 814486365 803827336 576569477 379554440 94656260 91494640 117157547 763662969 421276601 83299359 662358251 407951711 939673530 856059558 688316091 724156653 480941572 38803921 922989740 30086641 531690532 142728683 941488169 156465669 400674602 734513576
30 8 38 869068577
123723981 131135657 845793995 865965640 116686436 725877719 359516829 990429481 616762659 516532635 93571198 676704348 519665986 61237077 495543722 469389066 674413016 844753066 124554809 729623958 680079402 953420029 331384322 327985030 425852699 131529577 864040446 395946696 545132704 920530855
30 3 40 896069819
505479546 974668989 959204671 591787736 281206288 416095877 533329133 942812380 625135944 385897222 714202009 370630519 948211428 673932653 416136339 969173002 678855315 349739631 83913051 709156934 696542177 4013371 991059215 658750427 333564907 458168316 589303959 526330473 296767965 27589228
30 14 17 638397497
24293415 628063600 911139894 844390296 882826000 655497271 806301349 494001303 354915013 652891955 271836664 822487821 270704304 663814730 233599784 350818262 538807398 662624772 55237823 593491229 621053384 512720601 43697253 23743905 655588914 278371340 539088814 203981118 444024405 487778335
30 8 7 891942413
934124454 687039144 312475256 425446130 495636598 920058135 348569985 178115731 819028197 378879940 322535337 438089382 722365445 211667411 214378750 68669297 977003694 289387141 413588893 182189094 176614675 996915989 507132192 629504440 3912834 116163470 19042191 674995158 187784343 398462360
30 9 24 846458117
153862326 688063633 82353837 577523090 962924136 385084001 656781782 605556083 585260759 38796478 456650121 512649024 106464293 155797384 892905506 753986968 477418122 324889562 429786283 554039626 59690485 600974023 40503929 306434921 35145334 5837980 72656326 931608278 602793000 451614455
