30
26 13 243385492 120061602
401891499 713661112 436542558 824352305 2155041 447809025 411954890 345896547 528376461 606607570 884169973 262278849 794364271 156730800 835147369 53169168 836650130 135161336 651465193 927066955 444784097 876275058 574948683 214768719 452973434 527091240
4 2 688637788 683874111
430233141 965581150 691399492 172997381
26 8 462758365 219527134
278998182 635479960 851438496 609444775 874318340 67020174 612882234 821643949 632102101 171397357 140616061 568235912 878967054 144919850 512257525 642086957 734426832 789108521 153152814 269471356 714110756 543534039 821620717 835357937 402447398 291674017
2 1 197277459 441025600
57688918 325910343
14 5 446143701 543102311
212647252 920879442 163042944 158045228 275849592 418858071 335101421 529525700 861379026 850404996 218087864 422295623 981819325 64801219
2 1 554329820 475339742
969730887 612904421
2 1 240522652 461346726
609881889 489826836
16 6 815604106 706777784
409369958 281288575 928841991 281751346 155040102 582856105 58488460 376793593 436629448 913220060 588993325 706502124 229637047 645258516 939295160 993734008
26 13 214157592 813751254
762750798 673211610 15104266 985702521 806583598 971340321 469209976 750711407 493161828 32474270 920167331 61993849 393178030 597674374 781498179 444981027 379393903 934116774 103597489 931216226 553903078 547031285 874411272 5317961 969976801 840886169
6 3 367974539 913089614
599462942 361124370 331891229 48332750 311320579 142775157
8 1 476804207 259082114
59790836 301770986 370419295 816822184 408575560 904493497 784281773 958680247
28 11 353402752 530310629
392954227 259338870 132635735 673227542 581029035 208731180 384593667 343828454 273540360 255944031 89319483 659364304 996665502 315373553 967527559 460229238 743871788 154049704 443461026 146877762 773485919 386401558 429768516 157964543 274667909 640810283 209910018 391018278
28 6 606955728 161494913
970690937 462438269 91937307 271169414 270467865 682534680 369171438 834385489 948017011 317269808 168507450 29139022 18020666 103016498 615856664 252812331 643598260 488060688 255716378 129802109 181741586 511096535 189086009 597447955 99889624 672637633 431453380 977139462
13 4 212678664 904953190
243960423 572837081 758618159 174019675 78911218 109936912 537860576 81722420 216125993 795343315 203058435 634265717 207916578
12 3 58103511 39093783
332498702 706868873 21572226 361178810 709730422 698774199 288730713 356344843 810757894 378919595 342523551 471640350
17 7 466049439 263858432
231833348 104439408 570246416 356785251 959753756 997395386 864220002 403031822 769586660 115859353 751028027 953196677 467594811 757870604 947835189 878705664 255806357
11 3 141352849 621986748
256780394 323835742 885673826 706833659 205824918 171847423 831644751 101450029 301399412 151700750 820190944
25 1 38018009 154911356
756704010 318765098 762728082 9010753 751788068 617779993 612893936 200915365 421653283 768843687 705064099 772246567 78497374 580112568 150950935 2177004 217266282 782070571 994868549 905799906 442841404 126007956 869974448 969809955 305979850
4 2 952569529 295257940
720326574 172896349 417066987 23115654
24 4 248735515 929544905
784672172 381830886 266981784 483297559 137532501 725712274 553381782 712610223 579876599 362200283 819482746 110130259 762190625 102920960 980735993 267549653 138956354 311894823 262394849 314581840 210312637 225792867 552560590 467996612
6 3 905932022 170099494
404545777 361757527 820799412 420231768 426750746 648682861
25 3 674053516 692363230
818373966 930977594 669083596 625488803 103763050 679049827 524066441 534825308 453398354 341819381 939677668 110196122 464994722 512779563 443920261 149439069 254048729 416998505 150361738 277634725 630729679 553250535 360251010 346181634 665663182
20 1 478263182 157848455
994969755 98746057 490653496 667290223 898204007 316963129 878572292 970528335 20652239 160549352 187770278 855017399 773102445 707679168 601514078 888334363 899755404 727521053 512604129 754384837
29 3 694007696 182942816
997218696 771145809 11521802 689753757 505954386 722115922 95894693 201772673 594269510 18505048 394397907 372626102 494308262 956205576 22553536 44983630 595394605 603481682 13579353 197027941 809163112 574184281 817290586 180495885 398074429 853910433 863992601 568519789 216831949
19 1 662336630 988626675
747896814 92488636 174445281 585056125 483294489 909676559 675242533 157548349 544360726 723532993 138919594 729083251 130390464 73206486 215365859 124273015 963237947 731622926 779293885
25 7 808728137 366722301
162946430 237909893 934103906 531466960 877154647 177362147 987150510 596785438 588764162 156421972 741550663 682189928 239618844 342772784 112416874 204166875 582475564 29467578 890001259 729254518 67307393 953835489 443232037 445568698 966375573
8 1 346589667 645696148
36965293 674965107 598043381 794013538 991731861 162972875 440480869 770143410
29 1 745205410 758940864
239331177 621199683 710156044 940277270 991169607 933575385 167524027 761528831 229304539 446014098 519447600 60108052 181976326 493821964 307319471 60655132 625306897 726548783 722044509 743101122 108444992 260841912 447341769 530115628 769246245 693683277 387771692 808331139 131841615
22 2 906755749 247850328
60766947 810970909 890581983 356535218 643722423 380907621 348810154 393639917 402116709 631636514 393981783 948009741 636655794 407984568 372247889 843313614 980219169 280248070 719757625 703059741 155462587 825776979
25 5 912619782 868725745
342308921 225780907 677795663 523115662 495974351 469882943 185640674 993036411 426644220 596443703 929866063 230497804 113573402 781830014 3080484 615326056 441636682 64935479 276959518 635583369 31255805 589611278 11136482 451785224 145173057
