30
14 6 422889095 545300975
485472632 981942711 74251932 429939167 502589018 587731851 729345473 878322524 287277465 228971590 636653656 969331464 409804169 472349819
7 3 911575124 47599804
596890449 382070833 369950282 946335821 143769868 177273555 63284490
18 4 798690300 4885223
981575857 996434909 465001022 871066059 618959211 939606082 107304365 493771889 46146495 385613690 94418061 160573683 251372556 435052819 198396884 527591599 461233340 885306104
27 7 585099625 240775226
765101573 671004579 144053622 469382513 968748329 976273969 263368655 521288024 672409180 43231120 440254597 316623166 117518809 692842940 318260368 399260503 825225321 554437294 72380469 309625383 953250127 387475603 260794836 730764922 887380564 591398849 195652847
25 1 165943462 134276820
754943122 16012227 32196074 431382548 695131603 645394877 139073503 913102998 360886653 99433633 672009750 788443269 918085884 206536504 646280645 703199871 257123163 765941555 282394494 218996656 342085774 531443591 692200587 495578002 19156213
10 1 405727546 80457532
155481279 659116843 886494600 117262608 295664164 953696461 533990595 478942346 162454734 296070474
16 2 565865344 383465521
602858914 978983665 161277312 203471180 187428224 482549250 986917787 986340653 801461309 879081086 675550125 411723347 437394519 898621543 614396565 780638462
15 1 364405860 650059437
357768321 916959661 405324879 438198883 820435389 885174324 44628244 572071650 195641920 383439531 602374424 216641272 323844494 884652003 671505139
14 7 147633385 986058728
84715021 879910388 237722803 20648966 695636754 265285170 327662907 773226800 455316125 333475657 733242939 348078249 321601002 512203529
12 3 910956028 235569788
501691075 251407842 745352489 383016512 40524817 929495115 707749895 104554576 761675859 877525201 909210006 77477329
6 1 892897341 26581920
228853696 6667781 445239704 949992372 399980616 225620258
20 10 586791786 807976887
74164648 145163329 250991794 398929313 496467755 170236084 697625669 894482579 260994254 368394649 404389183 111225231 551601913 25340121 944803579 171836955 895304352 25442107 24947267 172166014
2 1 410767165 395805227
224292857 442514665
7 1 823499226 644078384
188887803 803962997 684765519 107810131 70816053 54089398 239869372
26 6 48592800 206201521
531975479 794315944 570464998 162675115 41188983 4637057 963600908 506745162 214017580 915959902 303649239 329235382 658448208 240126997 48201095 62776729 501797901 738350099 879165867 378318743 122431256 971918659 515408419 405881450 543384384 42304149
18 4 322492912 489279172
925043360 753234017 146360185 259600028 886444861 798844893 802956462 158648387 863753340 604249826 230958692 442680066 334649054 983050702 825339944 246046166 600879433 678439165
4 1 12966160 542206177
313984166 363174958 912650368 48565469
23 3 536743409 1808461
513558628 823628948 312201327 690206994 255041216 67386810 546622127 419015325 461815745 564715675 576927427 94018647 609623292 314655205 163517086 231719756 312356386 340535408 459593214 195920483 95268875 34218990 868340972
26 3 846330400 528409146
398631684 671132119 864113420 825067984 878835002 820641577 200698402 311476360 340138024 740398286 698619813 736572211 816070194 532235180 161407774 757049989 847646814 620848897 945308051 336465915 852798986 372758382 788939831 720036142 179576068 112513747
11 4 494208042 78062620
5229183 908637465 210907034 826220041 14486353 979988399 510693766 829719520 556280303 919780352 2968550
8 3 313259868 561489649
552017556 458535753 862718974 45345061 224784015 89985470 553082193 818975995
30 15 785830638 931208971
879031259 793840118 142901383 102188993 932308257 62286170 808436661 318089805 859867105 399287928 868864760 193266305 923927229 376688890 285730450 879463890 377977602 946019151 722298331 16573845 870272314 1058854 83662374 306366010 282882104 891019811 235206959 18511536 978594395 535948621
20 3 637756388 510780002
315183355 683199542 56255308 354708049 985556642 58831108 917018353 283954441 418335701 773296268 276490829 210872229 839991955 470015990 693662283 566415746 588894358 904617978 23085005 605025410
13 6 435294513 101087882
773721082 683386387 943395900 144816975 554367058 197276378 609271475 704284898 507921303 954523731 634263460 48948501 372069044
2 1 611869806 878203
462827186 862791502
11 4 838391004 692277836
4193124 171127173 865285204 462533759 590357969 734086083 82141993 21141625 468596928 595691015 134048590
27 7 635524341 229626377
175033381 859038642 590599691 742479988 23164671 321911118 62945225 712987384 772134529 951270658 632510489 468127196 231217909 445218633 100546051 21253817 591482552 278237319 490234327 357116762 514509591 943276784 87904377 468575274 581514585 238971210 919617769
29 9 756540101 997189469
142866914 186195696 361207741 941403129 122669211 307052428 97800634 587084220 567241995 784814816 847674971 407177068 345907249 979852417 952270851 752249866 53426271 595596302 899429502 546749936 873980546 547080589 612065170 511341474 816604024 500395751 429314954 793654513 711254657
9 2 619955991 424356005
432335922 4386124 508871751 262490438 756555986 698470794 83727527 513079666 163992720
29 1 474914442 661502214
557779784 234390899 982798218 122266895 506767556 799725874 187047630 97422306 223229478 457044869 164627713 390956687 830277637 866167558 884972947 998483825 96659312 352372946 404936627 813837500 450781441 301996326 232926586 166885844 249266177 825273166 350217150 702220521 666514570
