30
30 3 363241016 536303911
180956626 236402578 869619489 564629313 437121723 746172041 501852608 91608044 556897081 759299038 967636621 770189319 693406958 394875141 838004926 675650218 37958183 772368188 381323717 699574334 992087684 832529625 794018692 721175237 759643202 842255928 631234036 791907342 439921586 167648346
30 2 664482018 229577051
856364717 705987201 180014118 266266998 283966629 825690431 579561223 310829498 986464882 533150764 518467385 570334573 451906093 834178385 256519699 489996099 216599827 795645856 854144350 840386972 608591996 896766244 395271022 730300484 718257170 371565716 323566318 462922685 475723721 573706223
30 14 710760274 788367059
322485411 931273988 839492788 737438187 926368655 282190331 636076413 525988164 937587592 248396496 897592305 946233352 216936118 894882316 845236698 699314725 997263437 518976890 787373060 236269609 390729361 219096603 581930982 862325615 774900816 258519372 11846594 868643424 160436097 272360697
30 2 961215823 336119423
564603955 728458807 886233468 17885460 347342273 496694793 872797244 731393767 562320974 11402121 191516064 593011439 765976708 525004436 482423779 277360775 15570287 107242117 417416921 213030953 664702783 810656355 419030190 666710422 28067628 1343722 533372450 574817323 530038063 649385859
30 9 741410878 912733741
477929579 968737217 466975896 319546896 444419474 390845325 38936299 586235143 416826911 560718482 403321591 357552270 781328623 689597220 605183190 603470279 970960821 253184812 691762267 613200839 457087374 349051883 528233255 62322691 85961960 821733711 971496909 730461949 920089749 263229588
30 15 462991327 707384297
296455702 725048670 627090714 348851352 199993433 505511246 287064218 102879172 954676592 121439596 729998192 452956007 791624135 767058671 668046215 276472241 121825532 358786255 449756308 808107226 308298979 204076414 943782361 682271329 307572806 606085074 849527584 510170385 895416831 466758453
30 7 339464912 538226339
902988301 847815704 628270805 374928888 570029086 233860455 434615366 190988702 193831941 572548055 518205104 709182007 883661582 435091888 747625456 555206171 59655528 747301978 422281948 980498031 900101428 262843076 405909567 42706441 322948426 732255044 533045026 192929656 764528874 965369931
30 3 520123168 776045177
887212515 315374164 161312950 325339821 368619244 293036726 136728699 128014515 474020900 680364155 702771439 895974838 882757751 437326519 261014986 965043012 118498187 48042331 47144116 415659213 585731418 33152331 914171390 108998967 182370990 547445833 950778176 247272860 610621342 96787668
30 9 507090686 833451427
355846559 41263121 682526087 156828865 650449803 740933549 232329194 542355043 882276780 791243245 385549507 423590234 79279819 479228644 299401206 178591592 929698549 248645879 786259175 378577335 35131184 131442778 652151603 15893259 814683415 696557262 710357429 690861227 121282352 833565838
30 14 576726455 795325889
677366194 501041304 749231332 609742340 241151136 998635362 349808338 448378503 916086993 892043494 883597152 168261261 830162506 250638704 9191794 99825942 377478961 396972236 788874789 213319023 542839061 222765456 907878287 123438869 622588844 74824690 795587879 347018304 759530521 282520016
30 5 66280098 364030421
526492552 142780662 151764225 313636381 398031987 152832959 337273964 571895803 178463218 783158475 773988491 867964921 413828732 442990896 843186550 949462749 540309235 489648156 973308764 573930491 850854293 50292315 310405664 908987573 716518925 638619025 415224097 7677357 902262810 582555931
30 2 813341278 196608893
326637436 733690598 180131899 691430170 764235370 483513202 474582270 444673732 810025244 642800253 156086789 410039097 348154849 952593720 912153476 645609753 852469248 245821492 600886301 754012106 896929623 653768130 229873098 909203916 269672034 682654474 389383334 35784557 679247518 4244847
30 3 304313015 296480167
466114309 944545078 354824654 932126620 108638934 24754111 890201954 356019146 672786359 284829053 897550650 287196265 726030517 350992684 807477456 492122433 921133799 422402717 525886826 427636851 361049442 264499844 960135868 115375247 290817699 723054263 642137330 482160889 565407950 148575785
30 6 379794497 291762101
829060855 863568230 18244693 87995757 12548337 520548468 832889080 198566613 265383872 167795963 889441714 294716823 928027753 152559685 453015319 977341809 122124716 522463745 384825393 283547859 603370338 810723651 536870279 804476636 908533838 154484508 724228566 654644428 278962282 10099045
30 1 655006676 949581217
271718637 715062390 816636315 882575432 127435445 689572117 502504020 862792808 706064780 600966865 626788630 406826372 296937144 707206670 281393619 761821856 379204758 478844743 954668704 797839621 848318708 375967520 389621452 447885779 697766477 899032992 668702487 111914196 446709165 446637852
30 2 787015099 191180323
985296263 921021309 51788043 773353156 637348864 978994288 60922964 564015543 100173362 967330231 803636579 89469582 44102553 242750410 11863913 62291780 692018678 809103487 128621199 207316042 532182792 581244655 622670092 981150086 909105433 424798688 547407818 446424845 799456365 11958149
30 1 301426989 841449751
946403739 160734719 168804894 618321237 944612345 492916508 393984189 944808268 479966083 375244383 564146123 491632965 66420122 334542653 70499171 852249106 663437266 834047372 818821445 389893354 331642272 640870040 627141938 510577981 660888864 503374642 405965464 193869493 107141332 225147846
30 5 481541327 782553427
765211239 923266439 692152005 807246482 846699292 917420779 677347249 541181967 170734969 238748009 312756263 487382877 155853903 215231801 834405891 215527487 971563806 747350800 186795984 741381282 184759794 305303171 729716257 868348592 534715816 941815807 7458029 416691604 631107484 497410874
30 9 205360289 689638961
100749005 408259599 760804497 460120263 765251578 215704038 434115896 899808581 213486912 59260762 23702735 362759150 601162281 252390285 92813205 522924083 50205972 839921562 948484744 501294058 856209023 584851746 445155455 186982753 390684369 906455629 415603014 627125041 638917620 831637778
30 7 721786739 40075783
890105701 776761056 615364166 650835442 791441529 138334809 418379883 942261613 281024125 390679929 957449711 917876761 111282700 737702303 841536724 822748804 584327003 51806602 424193463 859039596 822051339 55142238 387500009 98508352 619327594 650322284 761525347 700326422 253404636 345566756
30 6 280338168 861813383
455365451 963334739 296000238 846755379 162154592 216553275 562942568 963768998 309575410 35313285 569989621 536318954 397598165 461711382 380434002 978324142 486139915 983126016 30687384 429566856 733823608 42117221 963453171 704111461 306426489 330720753 615665790 177503614 186482700 30912097
30 8 354982187 429735961
779241562 23377713 338679128 383118296 427378936 470455837 627680832 78889499 818817971 457366459 901868118 69507847 953253992 364286444 261998400 577152569 769757020 215662760 89945230 135965644 239298254 988395701 36218723 849576103 388496702 545971532 65252176 278349908 988182437 901847391
30 12 714685583 527798777
889045404 6199601 310082248 826199369 204913526 341691980 79118943 297611887 85093580 288796528 264194359 867206714 460365571 233519144 762669558 455172455 998322939 47304998 149914240 906574407 640489730 459512677 454129785 987535700 187823071 537493929 67492128 985810697 140117035 743830039
30 3 286666185 167337961
846763257 651572695 494932241 872747220 966397539 744176536 573939224 258056379 147163796 190487178 706582983 125712646 279045849 100523471 404648700 311498488 500616456 718129008 399864037 785137571 629821927 552796137 183293674 191153393 93358149 135940042 60207827 997631544 445329748 343207928
30 5 495105904 583056733
326706014 185605577 692677642 882641221 166315419 789873117 168780570 307368517 971077106 312722403 619173465 511043347 99673956 640530443 264128100 308184159 534188254 909198220 182113865 497724874 612263765 170154342 850520870 660625563 47616241 236155771 622367396 173402211 817194439 963013981
30 14 463286046 846031579
458707931 447238608 179621957 87039501 950494606 812716837 517944014 53767381 130673242 619521164 201212331 401329708 942610958 425322555 372342193 925279871 176021024 446716215 552434897 360062172 380878896 266479330 532176597 642165064 690782883 101360960 704158497 279220816 726066138 520279092
30 5 421947762 204899983
77711371 146167888 764113962 721678552 859514306 198498850 694687354 245002907 573858409 774882098 419800150 430682305 534639536 223210116 813316424 967963200 36555724 587581718 930298559 356925231 882139112 809114838 224255148 705605137 449632005 440692402 143628810 350689221 591286078 244200594
30 7 990723431 375811481
671974484 781778386 348564358 452139898 593801927 397274950 302174900 2147959 508077371 985219515 424935268 155152106 906719767 555357185 542342683 250042158 812563124 303475350 20531139 301779960 886116116 897814967 132760201 880785873 911888775 63280302 652707391 579277220 458256972 718311922
30 1 451647304 691013227
934713999 638044084 975880591 129604935 705189707 356505576 598142719 324204728 20711198 610162620 142717296 624359085 604429568 298976518 606597115 335858129 936386589 746811382 721941649 348667675 962766463 537319853 951458084 537938151 964295071 834836186 697987600 705894046 759684700 471198275
30 15 695775476 32679547
465039606 232384424 568775210 437782562 272724430 156653615 369330283 464081835 569255926 83308773 659039455 377082071 464353032 762865461 607677765 395937937 387045512 479467661 540272249 451912005 543374157 776965483 271878116 516327789 926255349 134836471 391862920 548943684 624912111 175481161
