30
30 7 855685166 718460279
756876670 532859151 489690797 36240321 57010068 147965740 84273511 300963559 649555900 64312921 527022558 831316532 462417568 175630540 393314015 91698768 911898221 509227600 656625530 739995055 57744667 631372781 566753127 416751291 420540753 702946142 987231142 894464543 731517368 918184956
30 11 826061662 749519941
394352141 15751498 221810034 302895180 701662589 116716206 719856074 129893866 393497255 636727796 351313685 508523034 871601043 610347779 737321135 462489576 268904032 526814199 199470499 494194399 847207149 594539319 705370130 436072625 786026457 34697421 221144935 607328695 553811864 707373571
30 11 590245288 506467907
832882393 869956534 333802155 590929272 170145147 779286276 313823689 990748434 399691409 168966994 806449826 479624628 302550991 153698080 625653457 554922189 862855433 261509544 806591503 600201251 986171854 425728275 964264310 486653894 940554788 879267261 327030512 315343285 762133159 469765920
30 2 401189434 855967951
843890991 599275638 870943851 604593558 311341888 762273463 886423305 186070343 841063134 38859334 744287538 126240834 558564140 409442546 292460643 968912914 33982700 990188254 790311094 61772287 225776915 167173415 666443926 459429196 496966974 164527567 210751190 975240226 927817861 5568728
30 10 897854331 447210233
322105263 205679007 108255360 128829877 885496928 846352216 629189515 248587160 967823808 4897080 425662755 118320576 334659981 144726590 995926238 62883769 287271061 229454872 338158296 66886587 939465115 391722301 17528050 358419636 805396745 991399367 64084185 461537012 737243039 898360655
30 5 167698920 191025733
579052727 353708181 789089945 4017823 167629588 73546376 641086272 239823440 185351406 903649098 738699469 241889245 228818693 815296268 642504406 482899768 897685498 25478234 919941019 433544692 192543873 229668761 161127211 37073003 969863138 644802432 91551551 533663681 356279831 898146344
30 8 647327283 672809509
404933108 485032565 699569354 265312385 421875488 963595895 933332961 470651321 851745165 566874198 843263558 153794113 542804509 271427121 579653140 384866468 224831143 943007521 459886325 542031466 465591379 470047769 289199664 167094042 76149361 297801718 11426354 816664293 285502304 933687186
30 8 446217931 744862343
126236097 538675444 469015357 71977521 682776470 488686933 949558479 755679889 693475465 935816782 861763987 192215162 46474196 24897017 921771156 562486418 92349018 225981223 541574476 704056658 713560652 91975761 342117271 130422782 190003537 273730298 733229265 974608209 645907558 170039661
30 4 134569504 595604449
286221132 188600349 37110230 431739492 590170491 227468067 673252381 519697424 136517229 528654763 38634851 650922232 754999455 931276424 634345921 598100479 925678956 524103345 771526118 94583803 85572539 334663702 210818739 768561745 686532683 881515034 591827065 683544040 825704741 519750484
30 12 26163271 387111227
713836166 771464370 599993768 249061504 807962351 553881661 353435676 82098630 580928143 340127027 287581682 135223346 146414161 662918060 295937736 452030991 820614560 563891034 990822376 655959580 783924215 308741044 122153260 836272725 49421698 580065586 492221869 533959739 248919799 955429191
30 10 18708429 568445741
318558658 544660179 196119714 296785936 396852399 322542534 866676489 106739084 206514122 638554367 419336712 386244329 509109835 797157085 782027809 540010630 840198148 300896548 910165936 338029977 102491173 442070097 77887334 770994573 398778589 439026746 655964490 635587639 172517014 923048267
30 3 361086573 784674677
293950956 812649383 152516434 235432963 335745559 520330968 623117115 105412442 878459028 48795440 616675711 159414909 52877840 787760955 503183209 838491448 626495184 840066828 712081571 672412657 818356238 282624032 631782181 970088793 161027453 354419615 381604983 941766855 193308917 634125927
30 10 987147093 465167143
854387359 81143553 726680466 926506843 942566790 612393068 560492624 877689694 406151074 175526717 187781154 214470380 827413861 88545919 444461052 39231303 242467482 778234310 104035483 78657106 83468471 357188804 256923719 354652876 836210422 938138097 494306119 510870651 61840534 891257457
30 1 179811075 740618477
163281307 243788289 490383680 716275185 974040762 557927363 246500849 238824627 666636605 437041070 680901654 800721072 238809303 58234533 114455908 825484390 99700080 567962945 940250802 548743080 216382246 614182168 623594835 939063161 31683394 468348691 113105021 172502029 952200245 728119183
30 9 895726014 508406747
716792365 82109850 567856746 962064818 507491928 162845916 261294054 873066254 444472743 913012015 758815587 437329150 429189687 284186562 693416872 509110169 675179997 458840481 538148119 964653830 56078950 419547966 244495796 524441156 854340779 139785949 153883807 805665185 329014152 825972839
30 13 57657942 140033323
730473717 995277883 596367120 410540025 314402630 61980885 318708093 993668903 808782533 663072881 344633651 182052833 863659465 425542262 412901880 690229753 438042535 769374759 374991750 821227275 623212679 427901332 986108319 360396331 617587100 999862996 145961030 863623988 332519827 197659680
30 12 999597313 526351409
86988553 297711021 599217282 337981836 36951046 423351173 39883980 815038344 435236369 790883736 212991943 67123239 239787147 796148397 865857512 478392158 16797258 51282554 724711046 511087860 601510248 270934023 775406253 481031413 249147844 606597816 720289785 774823632 329038137 573965675
30 1 315347825 375693979
497941176 884640178 701199539 373670453 810537204 845905795 530902102 506246047 58920410 408527272 958699438 615681534 381211086 299509733 423900016 699427809 576763489 409354406 500041841 828062120 738610356 716631775 430801051 524555186 283074386 999564339 822373744 492445214 162219920 868466011
30 4 316884219 652501037
726072826 300484082 718463239 378815249 912350360 130617347 989432385 628711294 588019788 437202700 237999056 74489284 993222636 821750977 961538834 239801199 234221028 665320117 135717208 381293333 990989757 545888105 863630581 584543429 474479099 364001559 220594818 793665500 198358207 723802715
30 5 324631223 596128979
839789066 726640897 322925216 444836018 140619072 360993480 479652887 976497190 930837653 94000584 421667418 602665975 381496439 36994707 740458478 390407734 707056871 627925004 804484208 654955045 542478261 394190529 455850549 673288657 619966258 965403202 499195005 544111179 694349150 212737842
30 1 941928235 398669101
320079919 283108017 658124034 90206228 753404010 59987756 313728056 758548352 509865380 262022328 104098302 787144877 820270994 27116946 555313756 703174414 599880491 414521727 27189714 345352405 341180443 578142365 394736560 937101904 802697849 524752790 245925999 524411420 505009292 902703560
30 15 864096232 755125337
26343482 328375355 793681887 955711119 993826692 504923599 559816432 314137514 119712810 251719647 78766363 837953840 216916314 69943302 181267113 241013865 701866141 671023189 708189961 446447101 187263671 114323970 352052726 590852069 871832662 472194880 546311647 779514694 78955710 154798840
30 13 367906415 761477137
274723329 270348291 970072706 742787475 235245450 861508257 525147256 979803958 367139587 148113591 795677764 529203397 637446286 315829071 12266227 746241014 599785564 958919805 738204742 80375455 652240138 54939537 489149219 724495888 74459389 107438720 306427928 789384462 511295449 769285453
30 8 400910092 791597029
198161010 920371312 186440063 347583375 136880456 672722469 877952994 40025959 348597945 403235063 996638772 823350561 988170186 18288523 285438073 182900130 639638232 949248767 303700542 799243949 188389862 64733434 241065972 674285327 956715026 897936851 155999005 681832608 344761339 807742909
30 2 301585825 623911987
708544609 849064157 422222771 894143329 647061096 567082489 330712635 918023253 655503198 276364421 617396876 780958833 825501915 502792626 617159680 61304423 769087259 111003084 635501402 464129465 185060913 953575734 480601966 462101382 713680297 767713779 214841863 493303287 285847225 604944234
30 1 962616995 605810249
263457082 190559877 10722788 114893178 818185856 742596786 30321261 397488304 677796967 263716567 168471233 71825161 168204835 988877811 773378168 392813278 327169230 37447798 349606147 802607489 308381993 146270961 974642222 742979243 367589123 949942357 173367425 644165188 781144182 88461641
30 1 701304195 633931969
475103845 483901068 195615526 589743015 188656692 399091750 476486662 745306153 893648663 720705591 915744750 956687822 896480356 715285925 702527144 56981049 94757278 254885072 518204824 137704715 467807831 159116408 644731649 927647861 260300312 670843974 420620713 635114183 486979652 175382506
30 13 391021066 763094647
267081992 446314255 845398765 282215712 285271792 548712871 334295472 902970491 60970395 657615979 924738723 666332431 75091417 766529097 690412599 517811558 720227400 414384219 211683913 584370842 210148642 346606644 374562532 513404415 998724072 29221098 184817625 532131323 660467324 310449141
30 8 847742359 13904029
759145435 461336882 127013812 668265241 139491054 849373920 400639994 738386108 10775185 127746537 343338583 945564630 342775936 103636516 618273457 390214338 175844011 910460507 622755937 152447530 656100495 160229037 862785313 801168638 701301275 653921046 288093983 167501595 5146120 72992639
30 7 743664851 403837529
586052721 706425937 956474360 834573617 48012716 583313720 321959489 49597428 760987845 331647675 550058570 352737162 799099910 39722854 563794432 569282329 751341850 771684999 310825911 810965494 564166411 640709940 892416650 664670162 459920686 900495060 189159710 47089541 69251781 897348766
