30
30 1 400 143144213
635091488 769269110 565318125 822261421 209493147 397682736 538924874 688017747 595993907 789846156 26060649 619746359 953532744 916215596 166413891 349488648 313447629 252947713 633593931 86345159 553338227 43380278 358753771 376973366 89310294 151011465 646200966 504311179 319258753 824315773
30 1 400 788873311
240211640 720411753 906111511 702299519 657664627 767550801 285722913 311050516 313918609 198960185 278800250 177986966 651244499 729419976 123618853 975865757 678540087 143013671 967406702 953136664 856824216 742929030 485356399 539839052 607254315 222153709 533756183 992057702 979480891 650747918
30 1 400 907258349
257955133 709171911 286175632 751047800 865243033 176101162 366087432 314567772 655065289 242251730 146285472 307861606 551730483 46542912 147186924 807592333 441669045 667047309 87811804 591792611 92758907 411594955 304871860 659062505 299183660 407104537 373470891 409927341 728909914 915572402
30 1 400 661888997
618701867 646770579 761457869 373688642 224773701 419714438 970921897 183153688 210920007 660405926 36740772 392848102 621799778 62401546 976355726 614504754 417802701 740581391 641742172 954922747 576954287 336389759 344160546 949090860 913591814 939027669 728240017 902434526 844169607 635189370
30 1 400 179980163
230389276 580722691 427350274 350213152 642433403 118469223 906053486 883390283 73691949 171918879 31813539 758453345 58849797 238689383 413729605 888833931 78597836 225522328 526902818 207241082 105827468 779381212 584129010 754693028 535994960 291442030 485975486 381943241 967233019 783727546
30 1 400 54946331
644562849 760406755 160546832 634670438 966691214 864591652 839695880 738841013 965752234 891309153 53773139 136542760 990109468 401167538 808131843 253386863 662153610 554564601 683959256 223176416 129175959 551383194 430716681 467873237 236070415 547253211 517846816 674494933 818516752 916317402
30 1 400 858876857
429617295 886041222 183490430 76310841 855658447 201467997 49826792 612354182 638206449 871236707 989078349 285945498 18996441 90919826 488028515 951199573 38689082 399815703 788813533 978715892 214923683 889466724 295559050 408927592 123287877 838049319 896256408 265174143 166792359 497063698
30 1 400 987110659
693049268 320277563 741918243 170612980 659851804 388087766 345024125 269903760 591427504 369411886 59030027 320282703 899515510 588013430 752834096 649277452 237340728 969305449 869692564 862285418 620240419 913904950 992174451 86583873 843832401 323418384 744750123 244387037 915492287 962700558
30 1 400 426885367
834992257 739320894 206545816 11442305 954174389 95959262 791574882 369745640 391299626 126391029 384876005 613733088 469550276 328233548 681878840 550848728 83585877 624933123 913905624 126109375 256780774 223285520 488393405 130841562 942166898 660160652 357502152 128780804 215613302 307425743
30 1 400 948981137
883831584 701341199 461581685 721353939 776101026 7269391 571830466 366951123 963186717 944850029 817120504 218231311 568946777 910027714 289304113 257830073 50873227 232040832 828758055 315691908 96882722 233062126 173540104 459450974 270352655 467173741 284161387 821707519 480081650 281274203
30 1 400 711481199
900951023 209975105 745631040 555365225 635463514 222749765 210303069 579655911 895981913 657072563 937352953 567970099 442501697 121396585 975409392 522419652 690024807 77786945 439071581 924204132 501653860 406539481 233972009 564137132 909551475 762540380 870795756 668666186 275568494 425847869
30 1 400 748351177
59901466 585616812 676720408 488737595 713250115 509417222 532497676 676427563 227993906 799767205 362676989 159091015 377814458 840175980 671921250 297151504 708268006 917359716 767030080 882474398 246633744 725043824 759130369 81893164 904845469 521697364 181636634 798669063 995014382 597022752
30 1 400 520340273
656971071 841010775 64564517 54206846 44676463 746651357 997606780 928764361 757248827 169824084 743551665 179115916 826997298 379115441 837718283 819041562 787915519 392087563 483978598 584492149 25711421 303859889 515556035 12884313 695404749 111825790 966950460 511800388 728917743 937857001
30 1 400 185980303
145033915 325074196 157409974 284528144 594818959 285881117 390273378 69614845 306248873 1151276 136264020 336270732 424795030 777611416 501237313 100694381 637353631 815768842 287760319 35807197 430687322 708214543 33407234 85670534 69443376 108190314 53703167 481430215 766302811 538503660
30 1 400 331431671
390539781 221696164 706486800 475708380 943112742 543908280 925099696 564134933 577930196 971893380 843801225 262261478 480953310 558717719 493020701 294355598 26029364 625404379 776992353 834105536 183236598 249813902 641512189 584272737 529942518 724024624 506373819 735053106 746346267 127946565
30 1 400 85554557
8352515 389448068 956801418 208195318 770638466 221805819 683575734 395512860 734281072 294496717 688356390 992729032 182612935 680604198 611577013 372050748 159042134 869599757 258603175 698028398 73948729 680568013 69620264 581464664 42393408 826382139 341149304 90618652 888556022 522125691
30 1 400 527280463
713282570 154713778 393953069 941855859 793779654 584340079 451415701 982669158 523517827 799244558 948224485 987727278 654492394 310087638 907372720 44146886 488672869 77618523 620514530 390319279 573131945 874159763 846670230 227027685 240032760 338643162 540602889 325425074 596017983 684000700
30 1 400 396037277
566501712 562983775 566572737 986452753 516446576 285476206 391350110 340012556 944032848 518566303 480404956 341310482 34686036 123804715 156330551 242766431 283707194 685631003 162377089 919973754 569215867 790547 832136634 896453357 592494077 678556612 355698625 266849649 718623943 177075384
30 1 400 366298987
379270301 67845435 801988236 365704542 903365820 961900113 248074906 8133237 450700511 727894102 494298265 270096436 445237142 40716163 585377248 261027342 594832984 113497508 915495830 279644032 415280819 541059263 35980479 150861921 954668330 348313232 592125044 804536169 685996630 377796161
30 1 400 388348109
756697697 999169781 636794603 229877628 40701979 68315729 741214618 67375271 775595773 659739312 751881846 499690467 230621725 711449774 524020434 966282616 624603502 194511863 53008151 102884452 617207433 408637476 617781554 636228660 273500585 495452955 698105730 916317972 668130244 9489059
30 1 400 984992093
922360174 669048445 746429210 568773200 209802540 843451046 408884861 236357074 44925630 322234536 949848062 24391017 781241281 524701435 270508120 649484460 533859936 471377774 872044326 810028811 910777335 211126037 854321518 142952046 197653039 141379263 87184230 570213309 600001404 236152195
30 1 400 489218059
369054109 223457680 625088451 725342420 391566643 462201178 453648931 909761846 786949333 745514419 605303187 444968268 166961042 209871392 456545497 423985257 428418267 709897826 967688883 669171508 526635805 46557662 223821230 506595041 827375329 196341526 310211770 442419994 46271932 474085099
30 1 400 498585377
884945011 503897353 865204454 216373548 56611006 236558257 240394880 793556164 834701259 201118458 770079850 472656600 363780196 747380995 419050100 673236512 827426176 958606794 140624214 105403721 516896227 580243713 208114786 856632724 84203510 591432796 511564683 594239840 768452308 437000148
30 1 400 312663169
626424865 632855634 415648449 706500867 686563045 225450577 996016347 686542752 241960596 261761758 452945792 9731069 629464407 560268181 590390361 975776906 397497965 222602512 324182681 127817424 309953407 420829662 434904505 702119509 427260282 184522857 806179558 930978720 809159108 119805158
30 1 400 349387379
993673040 435820 147843681 879156143 675407635 61038874 487017881 863686250 309472870 786050848 442820115 44071110 821076242 74750700 926994903 102716429 26274487 23511598 115197321 160261141 421052697 230226736 267129553 498468625 70492154 33415246 132457632 630648356 580337851 773565929
30 1 400 252787979
977244478 453584778 168240572 302762447 602303602 604642000 653486733 753960837 344542532 42956732 96970687 943940242 554111263 985785442 217094507 953984052 742812226 369893226 181461501 222650637 518812613 116565898 991522148 138396178 626780448 42047541 93781399 539574580 963760206 152628458
30 1 400 837758089
73196312 417229214 495094010 627865622 363270860 824606802 443281883 108781303 431248969 509578739 569870464 912982401 485202041 580995096 836641982 159641552 376888578 51673768 306660153 673468695 706992108 48415 809584527 814355328 637495524 18188283 959343346 26325526 142220224 806474160
30 1 400 77008027
957564133 466179855 466642842 997408002 911489046 529232879 407022798 764199552 255928088 364118112 889730852 312668983 877451986 8136705 836130004 467707562 610490359 251720043 103833907 493438502 227363740 648970410 837811379 522749872 562974952 229070494 276049642 577223833 464674711 123620735
30 1 400 766071331
879745453 612614246 959382066 576685607 489562226 526075092 395453346 35737721 797669295 667652219 143834917 579854594 215608143 688895938 238938100 430368087 575019861 525848492 167822712 13203822 407080596 689711092 172208246 404796462 519839955 467287098 77163142 274574984 320705814 375622017
30 1 400 279054977
928081351 922055207 553320156 53568247 365484778 667038368 426411673 166113294 43920626 781928916 633109476 159277523 567716566 139763490 683834019 897110271 910589277 613102363 786858226 783978713 503484380 760949406 723331853 423380190 892347485 55329712 83538297 790827193 274802069 249180646
