30
30 1 840 999999991
999999990 999999990 999999990 999999990 999999990 999999990 999999990 999999990 999999990 999999990 999999990 999999990 999999990 999999990 999999990 999999990 999999990 999999990 999999990 999999990 999999990 999999990 999999990 999999990 999999990 999999990 999999990 999999990 999999990 999999990
30 1 840 999999991
999999990 999999990 999999990 999999990 999999990 999999990 999999990 999999990 999999990 999999990 999999990 999999990 999999990 999999990 999999990 999999990 999999990 999999990 999999990 999999990 999999990 999999990 999999990 999999990 999999990 999999990 999999990 999999990 999999990 999999990
30 1 840 999999991
999999990 999999990 999999990 999999990 999999990 999999990 999999990 999999990 999999990 999999990 999999990 999999990 999999990 999999990 999999990 999999990 999999990 999999990 999999990 999999990 999999990 999999990 999999990 999999990 999999990 999999990 999999990 999999990 999999990 999999990
30 1 840 999999991
999999990 999999990 999999990 999999990 999999990 999999990 999999990 999999990 999999990 999999990 999999990 999999990 999999990 999999990 999999990 999999990 999999990 999999990 999999990 999999990 999999990 999999990 999999990 999999990 999999990 999999990 999999990 999999990 999999990 999999990
30 1 840 999999991
999999990 999999990 999999990 999999990 999999990 999999990 999999990 999999990 999999990 999999990 999999990 999999990 999999990 999999990 999999990 999999990 999999990 999999990 999999990 999999990 999999990 999999990 999999990 999999990 999999990 999999990 999999990 999999990 999999990 999999990
30 1 840 999999991
999999990 999999990 999999990 999999990 999999990 999999990 999999990 999999990 999999990 999999990 999999990 999999990 999999990 999999990 999999990 999999990 999999990 999999990 999999990 999999990 999999990 999999990 999999990 999999990 999999990 999999990 999999990 999999990 999999990 999999990
30 1 840 999999991
999999990 999999990 999999990 999999990 999999990 999999990 999999990 999999990 999999990 999999990 999999990 999999990 999999990 999999990 999999990 999999990 999999990 999999990 999999990 999999990 999999990 999999990 999999990 999999990 999999990 999999990 999999990 999999990 999999990 999999990
30 1 840 999999991
999999990 999999990 999999990 999999990 999999990 999999990 999999990 999999990 999999990 999999990 999999990 999999990 999999990 999999990 999999990 999999990 999999990 999999990 999999990 999999990 999999990 999999990 999999990 999999990 999999990 999999990 999999990 999999990 999999990 999999990
30 1 840 999999991
999999990 999999990 999999990 999999990 999999990 999999990 999999990 999999990 999999990 999999990 999999990 999999990 999999990 999999990 999999990 999999990 999999990 999999990 999999990 999999990 999999990 999999990 999999990 999999990 999999990 999999990 999999990 999999990 999999990 999999990
30 1 840 999999991
999999990 999999990 999999990 999999990 999999990 999999990 999999990 999999990 999999990 999999990 999999990 999999990 999999990 999999990 999999990 999999990 999999990 999999990 999999990 999999990 999999990 999999990 999999990 999999990 999999990 999999990 999999990 999999990 999999990 999999990
30 1 840 999999991
999999990 999999990 999999990 999999990 999999990 999999990 999999990 999999990 999999990 999999990 999999990 999999990 999999990 999999990 999999990 999999990 999999990 999999990 999999990 999999990 999999990 999999990 999999990 999999990 999999990 999999990 999999990 999999990 999999990 999999990
30 1 840 999999991
999999990 999999990 999999990 999999990 999999990 999999990 999999990 999999990 999999990 999999990 999999990 999999990 999999990 999999990 999999990 999999990 999999990 999999990 999999990 999999990 999999990 999999990 999999990 999999990 999999990 999999990 999999990 999999990 999999990 999999990
30 1 840 999999991
999999990 999999990 999999990 999999990 999999990 999999990 999999990 999999990 999999990 999999990 999999990 999999990 999999990 999999990 999999990 999999990 999999990 999999990 999999990 999999990 999999990 999999990 999999990 999999990 999999990 999999990 999999990 999999990 999999990 999999990
30 1 840 999999991
999999990 999999990 999999990 999999990 999999990 999999990 999999990 999999990 999999990 999999990 999999990 999999990 999999990 999999990 999999990 999999990 999999990 999999990 999999990 999999990 999999990 999999990 999999990 999999990 999999990 999999990 999999990 999999990 999999990 999999990
30 1 840 999999991
999999990 999999990 999999990 999999990 999999990 999999990 999999990 999999990 999999990 999999990 999999990 999999990 999999990 999999990 999999990 999999990 999999990 999999990 999999990 999999990 999999990 999999990 999999990 999999990 999999990 999999990 999999990 999999990 999999990 999999990
30 1 840 999999991
999999990 999999990 999999990 999999990 999999990 999999990 999999990 999999990 999999990 999999990 999999990 999999990 999999990 999999990 999999990 999999990 999999990 999999990 999999990 999999990 999999990 999999990 999999990 999999990 999999990 999999990 999999990 999999990 999999990 999999990
30 1 840 999999991
999999990 999999990 999999990 999999990 999999990 999999990 999999990 999999990 999999990 999999990 999999990 999999990 999999990 999999990 999999990 999999990 999999990 999999990 999999990 999999990 999999990 999999990 999999990 999999990 999999990 999999990 999999990 999999990 999999990 999999990
30 1 840 999999991
999999990 999999990 999999990 999999990 999999990 999999990 999999990 999999990 999999990 999999990 999999990 999999990 999999990 999999990 999999990 999999990 999999990 999999990 999999990 999999990 999999990 999999990 999999990 999999990 999999990 999999990 999999990 999999990 999999990 999999990
30 1 840 999999991
999999990 999999990 999999990 999999990 999999990 999999990 999999990 999999990 999999990 999999990 999999990 999999990 999999990 999999990 999999990 999999990 999999990 999999990 999999990 999999990 999999990 999999990 999999990 999999990 999999990 999999990 999999990 999999990 999999990 999999990
30 1 840 999999991
999999990 999999990 999999990 999999990 999999990 999999990 999999990 999999990 999999990 999999990 999999990 999999990 999999990 999999990 999999990 999999990 999999990 999999990 999999990 999999990 999999990 999999990 999999990 999999990 999999990 999999990 999999990 999999990 999999990 999999990
30 1 840 999999991
999999990 999999990 999999990 999999990 999999990 999999990 999999990 999999990 999999990 999999990 999999990 999999990 999999990 999999990 999999990 999999990 999999990 999999990 999999990 999999990 999999990 999999990 999999990 999999990 999999990 999999990 999999990 999999990 999999990 999999990
30 1 840 999999991
999999990 999999990 999999990 999999990 999999990 999999990 999999990 999999990 999999990 999999990 999999990 999999990 999999990 999999990 999999990 999999990 999999990 999999990 999999990 999999990 999999990 999999990 999999990 999999990 999999990 999999990 999999990 999999990 999999990 999999990
30 1 840 999999991
999999990 999999990 999999990 999999990 999999990 999999990 999999990 999999990 999999990 999999990 999999990 999999990 999999990 999999990 999999990 999999990 999999990 999999990 999999990 999999990 999999990 999999990 999999990 999999990 999999990 999999990 999999990 999999990 999999990 999999990
30 1 840 999999991
999999990 999999990 999999990 999999990 999999990 999999990 999999990 999999990 999999990 999999990 999999990 999999990 999999990 999999990 999999990 999999990 999999990 999999990 999999990 999999990 999999990 999999990 999999990 999999990 999999990 999999990 999999990 999999990 999999990 999999990
30 1 840 999999991
999999990 999999990 999999990 999999990 999999990 999999990 999999990 999999990 999999990 999999990 999999990 999999990 999999990 999999990 999999990 999999990 999999990 999999990 999999990 999999990 999999990 999999990 999999990 999999990 999999990 999999990 999999990 999999990 999999990 999999990
30 1 840 999999991
999999990 999999990 999999990 999999990 999999990 999999990 999999990 999999990 999999990 999999990 999999990 999999990 999999990 999999990 999999990 999999990 999999990 999999990 999999990 999999990 999999990 999999990 999999990 999999990 999999990 999999990 999999990 999999990 999999990 999999990
30 1 840 999999991
999999990 999999990 999999990 999999990 999999990 999999990 999999990 999999990 999999990 999999990 999999990 999999990 999999990 999999990 999999990 999999990 999999990 999999990 999999990 999999990 999999990 999999990 999999990 999999990 999999990 999999990 999999990 999999990 999999990 999999990
30 1 840 999999991
999999990 999999990 999999990 999999990 999999990 999999990 999999990 999999990 999999990 999999990 999999990 999999990 999999990 999999990 999999990 999999990 999999990 999999990 999999990 999999990 999999990 999999990 999999990 999999990 999999990 999999990 999999990 999999990 999999990 999999990
30 1 840 999999991
999999990 999999990 999999990 999999990 999999990 999999990 999999990 999999990 999999990 999999990 999999990 999999990 999999990 999999990 999999990 999999990 999999990 999999990 999999990 999999990 999999990 999999990 999999990 999999990 999999990 999999990 999999990 999999990 999999990 999999990
30 1 840 999999991
999999990 999999990 999999990 999999990 999999990 999999990 999999990 999999990 999999990 999999990 999999990 999999990 999999990 999999990 999999990 999999990 999999990 999999990 999999990 999999990 999999990 999999990 999999990 999999990 999999990 999999990 999999990 999999990 999999990 999999990
