30
30 3 280 999999991
999999990 999999990 999999990 999999990 999999990 999999990 999999990 999999990 999999990 999999990 999999990 999999990 999999990 999999990 999999990 999999990 999999990 999999990 999999990 999999990 999999990 999999990 999999990 999999990 999999990 999999990 999999990 999999990 999999990 999999990
30 3 280 999999991
999999990 999999990 999999990 999999990 999999990 999999990 999999990 999999990 999999990 999999990 999999990 999999990 999999990 999999990 999999990 999999990 999999990 999999990 999999990 999999990 999999990 999999990 999999990 999999990 999999990 999999990 999999990 999999990 999999990 999999990
30 3 280 999999991
999999990 999999990 999999990 999999990 999999990 999999990 999999990 999999990 999999990 999999990 999999990 999999990 999999990 999999990 999999990 999999990 999999990 999999990 999999990 999999990 999999990 999999990 999999990 999999990 999999990 999999990 999999990 999999990 999999990 999999990
30 3 280 999999991
999999990 999999990 999999990 999999990 999999990 999999990 999999990 999999990 999999990 999999990 999999990 999999990 999999990 999999990 999999990 999999990 999999990 999999990 999999990 999999990 999999990 999999990 999999990 999999990 999999990 999999990 999999990 999999990 999999990 999999990
30 3 280 999999991
999999990 999999990 999999990 999999990 999999990 999999990 999999990 999999990 999999990 999999990 999999990 999999990 999999990 999999990 999999990 999999990 999999990 999999990 999999990 999999990 999999990 999999990 999999990 999999990 999999990 999999990 999999990 999999990 999999990 999999990
30 3 280 999999991
999999990 999999990 999999990 999999990 999999990 999999990 999999990 999999990 999999990 999999990 999999990 999999990 999999990 999999990 999999990 999999990 999999990 999999990 999999990 999999990 999999990 999999990 999999990 999999990 999999990 999999990 999999990 999999990 999999990 999999990
30 3 280 999999991
999999990 999999990 999999990 999999990 999999990 999999990 999999990 999999990 999999990 999999990 999999990 999999990 999999990 999999990 999999990 999999990 999999990 999999990 999999990 999999990 999999990 999999990 999999990 999999990 999999990 999999990 999999990 999999990 999999990 999999990
30 3 280 999999991
999999990 999999990 999999990 999999990 999999990 999999990 999999990 999999990 999999990 999999990 999999990 999999990 999999990 999999990 999999990 999999990 999999990 999999990 999999990 999999990 999999990 999999990 999999990 999999990 999999990 999999990 999999990 999999990 999999990 999999990
30 3 280 999999991
999999990 999999990 999999990 999999990 999999990 999999990 999999990 999999990 999999990 999999990 999999990 999999990 999999990 999999990 999999990 999999990 999999990 999999990 999999990 999999990 999999990 999999990 999999990 999999990 999999990 999999990 999999990 999999990 999999990 999999990
30 3 280 999999991
999999990 999999990 999999990 999999990 999999990 999999990 999999990 999999990 999999990 999999990 999999990 999999990 999999990 999999990 999999990 999999990 999999990 999999990 999999990 999999990 999999990 999999990 999999990 999999990 999999990 999999990 999999990 999999990 999999990 999999990
30 3 280 999999991
999999990 999999990 999999990 999999990 999999990 999999990 999999990 999999990 999999990 999999990 999999990 999999990 999999990 999999990 999999990 999999990 999999990 999999990 999999990 999999990 999999990 999999990 999999990 999999990 999999990 999999990 999999990 999999990 999999990 999999990
30 3 280 999999991
999999990 999999990 999999990 999999990 999999990 999999990 999999990 999999990 999999990 999999990 999999990 999999990 999999990 999999990 999999990 999999990 999999990 999999990 999999990 999999990 999999990 999999990 999999990 999999990 999999990 999999990 999999990 999999990 999999990 999999990
30 3 280 999999991
999999990 999999990 999999990 999999990 999999990 999999990 999999990 999999990 999999990 999999990 999999990 999999990 999999990 999999990 999999990 999999990 999999990 999999990 999999990 999999990 999999990 999999990 999999990 999999990 999999990 999999990 999999990 999999990 999999990 999999990
30 3 280 999999991
999999990 999999990 999999990 999999990 999999990 999999990 999999990 999999990 999999990 999999990 999999990 999999990 999999990 999999990 999999990 999999990 999999990 999999990 999999990 999999990 999999990 999999990 999999990 999999990 999999990 999999990 999999990 999999990 999999990 999999990
30 3 280 999999991
999999990 999999990 999999990 999999990 999999990 999999990 999999990 999999990 999999990 999999990 999999990 999999990 999999990 999999990 999999990 999999990 999999990 999999990 999999990 999999990 999999990 999999990 999999990 999999990 999999990 999999990 999999990 999999990 999999990 999999990
30 3 280 999999991
999999990 999999990 999999990 999999990 999999990 999999990 999999990 999999990 999999990 999999990 999999990 999999990 999999990 999999990 999999990 999999990 999999990 999999990 999999990 999999990 999999990 999999990 999999990 999999990 999999990 999999990 999999990 999999990 999999990 999999990
30 3 280 999999991
999999990 999999990 999999990 999999990 999999990 999999990 999999990 999999990 999999990 999999990 999999990 999999990 999999990 999999990 999999990 999999990 999999990 999999990 999999990 999999990 999999990 999999990 999999990 999999990 999999990 999999990 999999990 999999990 999999990 999999990
30 3 280 999999991
999999990 999999990 999999990 999999990 999999990 999999990 999999990 999999990 999999990 999999990 999999990 999999990 999999990 999999990 999999990 999999990 999999990 999999990 999999990 999999990 999999990 999999990 999999990 999999990 999999990 999999990 999999990 999999990 999999990 999999990
30 3 280 999999991
999999990 999999990 999999990 999999990 999999990 999999990 999999990 999999990 999999990 999999990 999999990 999999990 999999990 999999990 999999990 999999990 999999990 999999990 999999990 999999990 999999990 999999990 999999990 999999990 999999990 999999990 999999990 999999990 999999990 999999990
30 3 280 999999991
999999990 999999990 999999990 999999990 999999990 999999990 999999990 999999990 999999990 999999990 999999990 999999990 999999990 999999990 999999990 999999990 999999990 999999990 999999990 999999990 999999990 999999990 999999990 999999990 999999990 999999990 999999990 999999990 999999990 999999990
30 3 280 999999991
999999990 999999990 999999990 999999990 999999990 999999990 999999990 999999990 999999990 999999990 999999990 999999990 999999990 999999990 999999990 999999990 999999990 999999990 999999990 999999990 999999990 999999990 999999990 999999990 999999990 999999990 999999990 999999990 999999990 999999990
30 3 280 999999991
999999990 999999990 999999990 999999990 999999990 999999990 999999990 999999990 999999990 999999990 999999990 999999990 999999990 999999990 999999990 999999990 999999990 999999990 999999990 999999990 999999990 999999990 999999990 999999990 999999990 999999990 999999990 999999990 999999990 999999990
30 3 280 999999991
999999990 999999990 999999990 999999990 999999990 999999990 999999990 999999990 999999990 999999990 999999990 999999990 999999990 999999990 999999990 999999990 999999990 999999990 999999990 999999990 999999990 999999990 999999990 999999990 999999990 999999990 999999990 999999990 999999990 999999990
30 3 280 999999991
999999990 999999990 999999990 999999990 999999990 999999990 999999990 999999990 999999990 999999990 999999990 999999990 999999990 999999990 999999990 999999990 999999990 999999990 999999990 999999990 999999990 999999990 999999990 999999990 999999990 999999990 999999990 999999990 999999990 999999990
30 3 280 999999991
999999990 999999990 999999990 999999990 999999990 999999990 999999990 999999990 999999990 999999990 999999990 999999990 999999990 999999990 999999990 999999990 999999990 999999990 999999990 999999990 999999990 999999990 999999990 999999990 999999990 999999990 999999990 999999990 999999990 999999990
30 3 280 999999991
999999990 999999990 999999990 999999990 999999990 999999990 999999990 999999990 999999990 999999990 999999990 999999990 999999990 999999990 999999990 999999990 999999990 999999990 999999990 999999990 999999990 999999990 999999990 999999990 999999990 999999990 999999990 999999990 999999990 999999990
30 3 280 999999991
999999990 999999990 999999990 999999990 999999990 999999990 999999990 999999990 999999990 999999990 999999990 999999990 999999990 999999990 999999990 999999990 999999990 999999990 999999990 999999990 999999990 999999990 999999990 999999990 999999990 999999990 999999990 999999990 999999990 999999990
30 3 280 999999991
999999990 999999990 999999990 999999990 999999990 999999990 999999990 999999990 999999990 999999990 999999990 999999990 999999990 999999990 999999990 999999990 999999990 999999990 999999990 999999990 999999990 999999990 999999990 999999990 999999990 999999990 999999990 999999990 999999990 999999990
30 3 280 999999991
999999990 999999990 999999990 999999990 999999990 999999990 999999990 999999990 999999990 999999990 999999990 999999990 999999990 999999990 999999990 999999990 999999990 999999990 999999990 999999990 999999990 999999990 999999990 999999990 999999990 999999990 999999990 999999990 999999990 999999990
30 3 280 999999991
999999990 999999990 999999990 999999990 999999990 999999990 999999990 999999990 999999990 999999990 999999990 999999990 999999990 999999990 999999990 999999990 999999990 999999990 999999990 999999990 999999990 999999990 999999990 999999990 999999990 999999990 999999990 999999990 999999990 999999990
