30
13 9 938898843 546572836
446217042 10037802 397278571 782391527 808080850 62752346 388826972 988696717 924548257 317018875 240715749 119286805 130254016
25 21 91297884 362497371
649135129 995261902 759859455 70969735 89424199 194448315 879400145 256368402 703376097 372623915 244167796 349850029 167915777 957580999 634983614 903977446 845306013 582878793 958206021 693119959 174814494 97285111 235746085 458210887 672847464
9 9 713325800 898023125
196755181 574627192 149794197 736923933 668341991 977224061 573704301 326312126 234083614
6 5 593307337 163556522
121513602 290789320 234811207 261015673 472414503 21448840
14 13 116383617 197310092
844898790 290678973 261600637 640905552 547026675 470827393 971455876 685948613 382349009 895139211 55415513 835112391 639696495 686115789
15 15 562159019 313452157
734709655 75909033 415475707 327739941 768730061 282063998 429655180 611012800 260035246 117662812 968670169 898965339 568740674 64264560 368009655
6 4 364820653 682193385
501027872 102109738 442535721 663173950 277362519 447393147
30 16 841824178 665982602
871494103 92930361 499795198 998318815 229138118 300571614 492974131 233194523 775603410 649951679 101507713 853562330 455659542 530531228 691005587 314795735 326202692 315219455 186835530 537607725 947941073 558666409 967382905 75811856 480293938 915199007 96168756 176188955 352978324 207506575
29 26 301537811 794561546
173952291 159499390 510486647 177929337 415987930 191606735 295585805 409204088 247135535 954318410 128767803 225973825 861894106 806675439 847903521 677965846 252308879 689898558 922731805 967570400 476818578 24729052 13061781 250416668 277968850 279737269 669124282 46354668 510904867
22 19 334910335 720439277
953066670 430306512 732925671 454922056 304253039 393649012 223009944 525050741 567481302 2855913 464200319 995305473 173194134 667162307 8993755 5213647 468474062 15047808 725635316 815229362 238611940 266376749
2 2 246097162 843434566
729087549 21552229
2 2 603377224 798607014
318960181 63712037
5 4 591314934 591269913
52251137 238713036 426161119 101615817 351582186
1 1 12352343 91469164
844771395
5 4 726168701 519809605
802638121 207362896 119996520 189578464 100026958
8 6 189273478 332915160
924050341 92467251 612269959 77606188 105158652 993073331 667161840 982754532
22 20 360107851 716835849
321606471 327879166 109074746 173125510 617078148 86497181 326534856 994641102 763853940 282427139 213852273 960523025 633219639 406997497 702641841 745871428 768202499 163583007 553988280 242625777 584373433 438911811
27 23 118178124 196911807
788436646 330519205 576927975 547515008 449131567 296185055 856058505 95294719 231350343 671726099 243208231 725156094 463774746 23761058 395509611 827389020 159000251 20540898 836402602 695115095 224250592 412578856 536942590 941897178 270250972 631135702 653458345
17 11 625066848 754775565
521494410 185746597 156407735 761621912 926445068 745437072 623431136 171334283 719807348 383734477 366371295 609409744 561911268 540959948 683700019 81439032 102939010
4 3 121082617 944707996
466004593 808246531 561363340 441593821
27 27 216384733 753207960
243889729 318732179 205164557 489842956 668896690 193613960 238540752 633138959 863697936 523626991 299782550 349893165 441457504 653602001 65242036 227571549 120793017 524901033 247731114 871769357 553267729 153403881 931525916 700573646 982000578 135642490 298842004
6 6 726526336 693445556
207403740 793472638 893597647 151681245 443832652 754847461
29 20 694839546 50796089
394115208 635184414 383750103 607874068 835261608 345060925 354732817 17133169 703313310 590258888 559531110 177195809 241088825 947200692 74650928 212013326 56964157 536527472 506908153 573277847 395357186 418691653 502632530 719797361 163671284 941333961 445357995 651829742 306105979
19 12 920497892 528765460
665319998 67206035 611147870 29313064 735485175 384457433 214515600 94302787 756167166 678658944 795008840 289672331 771144617 604182935 264185140 49214409 108416594 724220824 680547087
2 2 949205714 483121091
885931746 965889947
28 23 11333966 663707239
347169310 299122911 420858505 349877716 135591031 767333816 916373427 304295018 575303878 858468617 137259451 257164464 803269469 266017647 616342254 895780863 437157740 258194383 98524643 645114784 352186186 65168146 638075054 339363329 705965226 605238051 473667309 56994291
15 15 676455650 263285836
727892432 133792115 432752252 558888592 861746266 451848507 197325760 733308006 87995012 208939927 679390242 373649382 213707534 522766564 851642404
5 4 148012320 100328309
465756383 437060205 801259325 525632668 229755886
29 25 234183109 405202253
815864613 534569004 519399194 306839825 168269076 808512296 438079214 822558118 651677290 775381638 351892409 921280416 456896713 468588682 541232385 578606964 336954531 977127998 728517103 996959319 639127776 716399783 440070022 663526763 308844477 144761628 26126514 386039208 72173927
9 6 567694652 153629848
916299988 35046404 576852666 837923807 789919990 598548292 907337521 613941955 106365254
