30
8 8 971452872 448774390
713979130 917920473 794095098 732164564 845996397 277988620 716480672 636594129
22 12 357982633 6522013
862032343 847224992 441909533 645534959 291245632 63160703 766437631 243222728 480496838 101971655 620490921 912770517 238718736 801701021 994510878 244030276 357934734 742603804 157027444 376291334 140607180 450865456
1 1 441075373 186114378
902052919
23 22 196680618 162985947
904682711 961000693 498704487 483631109 343553589 635627666 303970717 353826196 854190688 661084157 230772973 988514557 62071847 122504807 698968893 140395368 725254277 583889374 294683350 30989404 549901636 880470530 878438980
29 17 735081380 601883540
571228999 925824829 571156624 76238339 886984406 925402958 956440931 37719794 460701207 318127295 97385710 57576311 201978215 734544283 585819257 562873520 21295360 786578255 16776052 125437404 256131929 428108373 992964381 862749175 846454662 867107712 390165934 725522789 386950189
27 15 782164477 15980391
885708417 393083143 927390580 510121167 913631665 204894139 6901090 784412331 740697280 919640819 191347197 677037658 508113795 597541224 598210298 440147405 449583772 890976435 466033325 754824118 896526261 789972632 42577735 429277700 553277107 77820215 151638662
13 13 777909645 707493976
73537909 448283274 170370588 867094023 395412058 811877058 630909385 780731437 243482805 343711085 217318157 631237443 52635536
13 11 659444885 526930495
518034598 185054135 246026102 109491417 536447395 266651284 499642073 237555297 281683034 715581416 869381671 330750108 509299440
18 11 952486786 830334007
657937349 234989714 490691928 904151412 560928633 231111838 936972285 940471013 259574999 497010931 74725276 777888558 827130052 198596149 778669066 713084445 419419893 782388781
10 10 870227363 889570467
652510214 651707902 795529048 151682760 524786243 675803514 962668717 817303822 54293988 43656682
22 16 710367097 235741983
769147797 264936374 181487761 707177851 148101587 322584806 277796938 431608124 348727370 156534396 537692496 120183657 748601063 162277050 923520666 353877726 649989119 460587336 939548778 733088074 108731281 590932752
28 24 330845807 287912345
317118047 392211405 332013353 931133992 379263359 132820335 686291386 76946646 508573261 151320344 845847733 739241905 892352282 523328932 607297275 707638550 531785408 815759817 390086774 864073931 162931011 170050651 952015994 487696355 994039177 150867975 674908734 990225667
11 7 916365751 349031496
906947852 681391847 85068942 624117767 164372271 171954021 587988636 808527262 427816854 398208914 89718179
13 13 837829611 865207050
242036309 675471329 513819877 983609952 39929425 893471000 597774336 513661396 112450770 338532209 75689596 244907881 979993306
16 16 162861293 692808860
623287033 273251558 82757802 660817550 505634216 500206703 146497050 356425190 74988841 847737871 400219707 685459633 650263703 525311319 309032519 721347336
11 10 735055010 318139662
404495990 791808739 14640323 348428460 419673262 12754972 231162157 858635188 274932346 834970608 803278680
18 18 648632369 379599741
247862295 393468652 390411601 810596773 20203490 271988899 204880130 479464234 301957110 492773218 396233872 349158313 74332085 318034938 729758670 270357385 346496616 545591612
19 18 157148363 878025337
73512085 520340045 275194585 499823721 749892351 592582123 671557023 750886402 3927410 362092481 811284123 69251353 810192965 96996324 7299277 94737270 380175662 494514655 640133447
23 15 27979972 286719084
450684642 560596862 234503764 436289813 319782527 311895504 77068474 742013679 137103678 844333448 599793733 927207355 651232204 259578885 484814062 289881195 320705204 608935218 166372894 765101294 27400318 520287961 560653454
19 17 727636300 660422930
139391663 313933083 958319882 924820180 945109421 267862332 291913269 378762968 880714264 200871590 790436132 392726008 336142707 746732770 58874790 740713120 204190949 883941313 115517765
27 23 930751712 338829294
859048682 643984382 238488171 533735691 12706084 769742174 120291427 643069943 156457551 603662038 955623275 902191503 471423994 672754924 626065234 85731985 792476978 952862608 661381463 813092863 492219426 648916065 353438601 126419703 662334332 850233195 824432498
22 16 297394973 2530206
730795107 412646376 903183989 935630869 857146019 804910348 749478787 811533611 580020407 430617757 118942279 145407952 944634481 979919988 575695765 105460637 253546107 97595474 400807333 590763909 642526009 110880028
12 11 384216920 260189582
201480480 813792275 551632463 648512329 662992573 41308557 458388956 470017550 245028107 305424080 113517118 429548858
11 7 871709156 844970663
800283752 8596657 462270876 482142171 831228464 82571481 561243971 100915354 946610922 318695837 275949857
8 6 307805225 31350199
836622131 328675124 21120970 779490033 538890065 836495150 352568164 60171031
27 15 532941758 453115954
957654316 353316222 10617809 197739953 144518501 76723715 298601443 986465841 592637492 560915479 861815319 384731134 527013613 892195088 335797287 531856248 683384877 722186302 412762745 151561484 399194974 23117060 186054533 506128885 426388119 621154808 626773722
24 20 528990037 726622196
760027122 362206180 740598657 44632472 617455838 860297026 985936898 141913213 171735747 340811332 103167470 833252150 747178168 836350175 991949694 441128662 141207948 872037110 660239442 560359895 617445700 882883227 229773456 498857192
10 8 40119827 400318103
199240899 981333632 571498863 341438555 996337039 987551429 805499884 171776928 165814895 666819592
13 11 207089100 558934975
774393 995688882 822901488 112412348 38590232 899748271 724144921 246556417 473577367 628080050 293000139 872263754 404036078
8 7 742471746 239366399
522494219 778342537 998510300 2653160 239084285 970502851 489698133 820677727
