30
30 19 509066101 290520533
125339543 691877274 33788520 775920173 698476285 307888970 276051264 189677405 367384054 7005306 881664416 349824560 733337714 575730625 386885106 109994482 466935375 140351842 41575689 236438506 929002057 38577877 519664225 41238818 677924594 909356388 756100965 651979697 568405615 63281925
30 25 437484515 70077553
717467760 306214524 780579040 549382144 47116536 136005683 350186533 624617485 847058100 224717383 6465630 112664501 143705497 124194408 816531273 859678049 350848903 179693244 873687617 448601344 281090721 95741206 884120878 868371629 986263872 746390393 888425721 660920267 988596663 906425900
30 28 947905873 31989893
901617812 368959209 355853650 377820182 65058615 572929665 571496466 24031280 525303164 72581082 907385791 971281299 960404800 980709485 552027325 917916440 896557523 17716760 578918344 564813800 561537023 38616953 293060311 572997099 325956744 81443697 872794964 45023971 303405935 970069517
30 24 192042665 881090813
460698857 427526325 279187178 352809076 979497780 747748631 322457968 556425293 115110056 338078893 444681717 638689263 678396414 60020321 681512952 874606085 113580042 684842382 614045213 97236403 181814994 845281443 695098505 9121258 53746600 697645708 170215384 147068134 273114743 152194116
30 26 502317395 982553257
974773157 718173507 126667601 692993928 253069430 341790229 814729821 136105143 792929751 891930631 768877919 999228445 326489199 841176747 472900501 961641669 827303286 362659955 118448892 306550475 255283350 707963989 77382425 92685767 838125158 220080646 61048983 962357520 317388600 787855463
30 21 554060592 85521421
728476717 469560370 465650885 119858025 343997540 703714727 955731750 632370138 450366442 477205229 10873251 72248808 600354375 787040565 943708128 8038774 551010314 488196544 910284132 804315539 543696530 872250625 179128860 129054102 465228243 615413188 84121270 575796223 595133272 468043964
30 30 5140967 640187383
655723468 549843251 985413827 222343181 101719156 178261578 717865584 239742678 202880921 234331070 115001114 360544636 451180834 861594173 97059501 726017121 922729935 384818659 763719292 741587539 134597389 199057072 924671518 352701199 221621917 8815182 515135784 201721377 201025820 594391710
30 22 116264140 280849391
222154891 309799647 718910389 527296640 477835604 637519096 79854493 695758465 430970303 539892673 111279838 785721685 820286015 875733487 739134516 477392665 934730514 564957172 930994989 930966356 190265012 609331085 894913719 32065981 506012438 158515582 915885366 341203842 367552314 866335507
30 26 758772472 451043891
580047905 461253212 142404237 514199899 447808146 986995762 7420919 138927217 168287281 699308097 385640815 561106786 874761970 321896033 656752074 721934866 237042207 25583115 890963232 494864896 678459057 649159287 96791365 816707372 347070661 120406797 888041825 938955760 594576386 10135604
30 26 801097810 425888651
201462141 212287419 459899908 561402124 661663506 596531801 417974303 523004715 79152314 754305514 594085014 39922589 366125096 348842135 232980416 706232985 518326395 977145011 43092175 188461509 169594842 958307842 479412954 791363508 654926846 992170857 592048931 394301108 556924193 626912176
30 26 690534156 707700811
628391758 855735159 652384239 118367492 969145315 727274202 352342864 201434521 350323829 860300145 844478753 269530499 303411649 881389886 399332279 14171122 525106947 61943219 924881765 276393598 54693115 566946406 727442987 749341273 911892342 70204495 829483044 514988965 864169364 951435786
30 16 378810195 210203809
990176256 650278475 563474041 225446116 868576722 758351585 849820041 454196857 808009279 491706648 843473529 324432228 744642535 698924300 471623305 413776276 71527353 125581730 947419025 532886668 846892680 555940898 539117534 422884503 469694775 250494143 976184461 871460833 402313990 575641930
30 19 493062041 676207993
497573837 989275964 204207955 859649187 882320043 417140218 174893792 880179783 82867570 773414099 917341180 992308709 885775333 332370248 21042248 915406332 526917049 510403095 874805249 99516070 531794515 471846207 878148790 211387194 174512876 351329596 195473652 356878189 276388152 567978325
30 26 957887280 727214131
295366556 915727271 521774305 677569685 691309742 177380408 648270863 738868234 113306279 530703940 664245032 483123108 212506741 143382624 377527769 20340799 100051796 148638856 449596727 436037126 524686445 576336361 784676119 63729150 819723934 222602656 566302297 919607102 609321508 617293528
30 26 956011805 400793411
453424329 621239818 772729890 789812186 925274371 232408700 63923259 474319901 898862159 493669445 684556112 249363226 492367459 465140203 244312661 551274648 223680208 230723855 886696519 501389177 610737056 204701320 890664998 175604921 83837129 870374822 816771506 436835714 495107141 706053662
30 21 787445848 480514957
348237358 935435980 265304269 570401903 274541179 330192825 672777409 538498790 404882088 427537984 767788476 992794561 421391371 926760026 599462420 753271893 798761358 323503715 777754817 156795102 947619819 169679350 808096257 688576860 354080326 576273368 851231063 606920791 221498769 22594145
30 26 120790794 177946091
126516096 717619738 901534958 997136695 67385844 483471618 986545256 913370397 490029025 316988473 164972628 750224056 184517788 547471144 128156205 654617093 434151801 555806495 319608927 367253641 145382059 810997540 756822613 955008154 844947648 309629109 54892104 199512712 752661329 377405798
30 18 144871645 434635211
358672465 294283393 325461965 63724642 800559868 773775821 863853707 341643418 642995880 176605118 201652632 332133930 774992693 38142830 22388210 859372978 196103825 699769878 57944029 930076319 415992941 370176754 804877839 909074736 8933131 605067368 791877557 663906188 686816964 636068509
30 20 956017343 391939577
118421659 268205616 711413382 306801779 976459809 329315109 941105111 890092578 386962 602377665 571675123 281203525 199743994 211355907 872851140 619396798 98843046 753092288 14224679 165493081 790991568 241914953 322632395 375388801 957647768 391960376 434981149 716465624 805311919 568154805
30 26 390853218 348496939
179503682 325149914 240173547 937821149 245567572 939628063 558304831 982172553 169289828 63163102 945439463 354312480 175576542 457684869 57337281 938021680 78056301 329254425 398681662 796545230 707799212 952948156 786199696 670165663 843085639 383150422 302610670 668838845 731654830 737643895
30 21 668498128 245170091
647555296 590303073 593805798 555796925 334976775 534363246 325158583 6303883 340093584 383851583 952359172 280688229 704229075 727887777 114831087 242598376 693240251 42280248 631463872 236263849 494830786 210471548 67526863 863641327 564983369 805282536 47153293 765527510 492460582 745181787
30 26 739614504 678534757
678236928 237328045 174141259 867453937 469295025 990006674 140471084 28708059 329738740 593694322 218814162 531896983 663735885 543864310 10822804 410688515 505018796 878920431 316824139 819479283 197968272 736720628 294487991 229738117 373773826 133000409 103416451 195614675 87221857 348877392
30 18 421155061 543849029
200906598 515870825 336959882 87460066 120773162 429811583 99204853 816499199 467227045 349291793 818012573 100253175 339104129 505055602 38271567 177224847 304332235 317566910 970619099 617195225 214297175 13478267 648733128 654683866 318790092 7628420 330803122 606343709 676963992 594359021
30 25 428867185 364991101
168828229 177608431 170366701 282553775 699435701 448598218 431938970 420919465 350229806 596504078 503348745 893567342 26897210 845605200 584940144 293721634 955367434 234347528 744307450 273697001 615844396 344471218 551840189 807866417 985574882 92064733 936709665 319315243 971320799 657502354
30 29 392450085 470441209
612983474 110239133 580142578 876824015 834302454 496167097 772688724 289529323 120276439 40807781 555471588 548646127 556694456 49398849 900248786 114879773 850988419 146295495 986522709 966816638 447967529 672879585 936341104 165449316 180575435 101825744 516559079 882235359 630247390 2616306
30 16 442451215 509948197
760443968 312578613 328992596 705237035 844320318 38957943 970418556 656974540 979603572 769028524 612507200 143059437 235040396 197371226 809380095 276862248 591796983 669448973 926513498 522158866 682621080 399191227 441955053 560562635 446350045 117113237 765903381 613449994 51812112 124719725
30 18 972504276 31515769
576542721 89817321 887074223 407836995 800627297 166724507 948904133 833589459 629193929 693493201 938984600 21207665 333273069 695039790 239699984 690798613 552454119 229811921 549334545 34790425 251067178 180980781 932650841 302889700 498892992 913355369 532173926 34148240 315022664 837962209
30 19 155422394 326403407
474184122 611020369 313696562 863310368 176205765 779173536 587961988 449181642 2992153 459350257 60026876 433545737 146321607 269449299 589355247 138917155 280558881 893588843 261825059 375149701 405315192 181030812 972287139 619563969 43297772 616296572 490741760 477385218 187023304 102124079
30 25 995406307 789353857
649708930 778294174 305577125 281281581 432848175 165690161 104600585 690474799 599373409 295958841 210389584 445306542 937419055 450516681 284571941 299904448 169027707 857836710 580832168 33624732 200230614 644830143 395398186 244648251 504914429 774242174 99858274 931481358 771840022 247363829
30 17 854257863 768304927
842846524 43697391 951246369 346759437 188611986 413624287 220789989 872694495 75125618 999981569 61707387 882432198 592328655 315859462 330719538 81966098 97813240 949377428 261982110 299147081 118208281 717547694 634744458 579109 245297263 945752988 512465255 982109530 963589866 617741151
