30
30 24 168837452 381833977
35739678 273298363 329519538 140580369 929884403 177770859 114639676 593792863 41845580 956296893 78062297 201486390 354824066 528073058 985167932 365424448 66317164 101430260 967583568 718397013 814041523 368485900 294027600 570732558 461998208 132690158 797328766 849508901 914030178 455867400
30 18 419511983 661200899
349885944 577546853 31412620 871745466 656983963 874950045 133055344 327302973 819312147 965125920 187809164 551988168 742492577 504468674 391389098 982540744 583684467 211488579 922985023 618982757 729711502 412285762 549792927 903981370 276109312 795270186 417868422 210450293 257091596 812665460
30 21 185951354 48839437
139360785 940226641 473671908 172181630 983854793 567659701 616923414 674329672 195191101 656005052 304612963 41120692 138880346 233289187 539188272 423897188 630560633 273080015 7596935 344118827 207202707 584333099 638384141 185467595 728376852 351996170 756748184 600760526 689970669 29097954
30 23 395141705 436364333
748003603 647755758 882996985 300966318 169920623 951615227 202724348 506122841 333453782 332787932 942362120 654411376 217686728 534384706 642057917 363466546 977061707 688904973 469195479 203485038 621870064 831520594 348228951 815516906 145937701 757641228 957356827 103839537 916635778 474037289
30 16 583548836 212399287
6300709 758793291 286970247 832292299 362716487 491259789 629176581 702994322 605203116 34982059 437259001 312451251 652290671 845956868 323836516 401006411 985139659 671042834 41129693 399836454 865590499 617604423 930889283 959827915 839872861 257528994 493580978 517014217 201947673 653865084
30 21 104131453 50087891
914495677 313751963 630085478 405443673 210128111 211016507 93156334 573602178 383641102 47214847 757095149 489309074 845414295 683968420 818837398 837917237 304776663 111031247 786867104 496181639 770132534 163327250 562249120 181579167 731265860 637322449 994629062 664080634 576891459 99687063
30 23 330297308 528956429
160461909 825526145 664234634 228993247 7191444 848983873 611730107 859919830 349921223 862411294 809274946 856481119 463809657 281955335 963217536 318520394 674473128 656811811 29067742 251356315 395596632 79879606 967135863 798084456 788580019 428040190 386573621 832838821 688792599 139300694
30 28 187114798 154562927
301065989 45538911 554562338 762080903 308344034 655390056 952666137 837195997 229878671 565496557 560138572 194833084 271740938 473573480 342499285 639113867 736522218 488095399 371622674 494045003 36648905 412074058 746515534 829681278 746262795 713355849 605948311 814337046 277320663 111018861
30 23 512650595 941294899
345756027 801249001 303113932 116427526 39627678 395565462 474422671 609099896 6409770 498356276 80264149 30600544 504499611 474648935 600290430 131492389 49576574 479992588 91577111 610928768 939440447 730607631 891156617 379945509 724966720 133055334 370777481 560227874 61140914 658548126
30 30 505671591 996864029
535429097 878972426 8092192 180193811 802835491 655255427 408142615 783070860 561081058 552172307 873000553 266846541 305560683 84188899 474374749 18907388 338571100 674239999 938818596 724964966 292271272 738658951 131755932 157155837 65681868 21376310 638586310 46874275 93803832 90667027
30 20 255039475 273750617
302805648 808349514 108963169 345038490 174976531 788616751 59752142 627035052 193940124 535307479 237701747 721451262 502022544 380659572 939747799 338989643 129141963 313650235 998104245 850316422 598395233 464609999 759868322 17318201 629581360 743417170 971707639 993458061 798511929 516668902
30 25 835818324 948901477
42344038 422519633 739654992 295262892 130603580 405844820 339455632 275026034 614691772 259001208 188360989 207594717 577975702 454678580 223116498 183348244 313758709 134529922 342231941 939146637 457675278 996783285 443474149 164709061 390724650 184765525 624692147 967669047 898986404 560951941
30 22 904019155 869267741
512357987 553213229 241576618 837162802 687178688 404462131 615361191 880197838 748027395 95668579 317890816 313001623 562270478 777229202 586738485 364261864 334005000 920114076 404497726 578686093 848404587 611453762 90555156 745627309 409326293 808434126 148557041 592615879 732883964 728020082
30 17 777126191 284036713
947277385 452899178 906969616 975233830 984561508 557579569 895946014 107579509 77030234 908243055 971802797 549818928 830095377 216860570 185645208 783851661 740046858 838978527 104268166 675247404 500497135 861103811 254768801 970258771 952646292 916155062 482194119 514940873 415643406 840869798
30 29 500166140 342129887
314506346 265111899 335308082 436923775 616575292 288647116 56513163 560854255 103192638 712167137 481669299 134169077 797659289 500294592 637437094 199231770 973548603 834239607 697168017 680648566 787525929 89880553 420793090 739747741 529023244 25490826 406763368 341958632 431234621 71538622
30 30 753135044 684564793
378641333 302753330 403734841 839521456 213423475 153685454 748263460 143058973 921960571 549324368 702387521 998319793 868079128 859990567 406150087 913795187 186492480 877798606 524874282 69534365 347652686 906498081 834828193 105719043 249685217 753691085 752393410 614442545 301553844 816301820
30 29 95215812 338575249
220565003 892867368 772473070 192664791 421449106 418696452 957176515 927748854 14841566 294380827 368296673 178414387 715169107 731649890 513060450 208676881 533066610 854073168 807560398 453784885 560647318 565547749 872126070 317922354 842024237 996962033 917521107 328518314 867751869 76527364
30 23 86523272 843259999
568302998 923346917 916883652 54944997 811467383 701072233 294720261 308243787 621516076 445147828 991546460 574563674 819916025 736133528 438435477 198947535 891106691 427198396 712056481 389371804 76799749 393992090 90405579 73640918 475925446 865010692 343139120 233021967 923201149 377236470
30 28 898419137 651349687
347673938 702438982 518419547 514114502 897545306 734689310 378612727 11116168 481941265 449395071 52430378 634473478 841189180 516431659 907937815 443292912 419151456 193293929 938189698 902819998 304147836 846894723 656031955 191142561 680186953 206161387 516415158 156856703 527601181 222481154
30 25 678721144 858548881
962630483 125104924 5348609 355374316 833446691 882823108 244055290 169521043 374913049 781083542 704675305 624771736 547350844 538851666 175317842 912839011 651531016 876126603 416606086 951852146 606606867 861664517 419822280 144173207 832814675 192408245 666279911 214149622 876962547 968332738
30 25 653887085 791378701
680718854 277083493 52728412 229145957 772522068 901440036 306883239 2172341 648729415 439716672 471283097 528252374 43855290 926683696 621237321 314355966 144427264 396644025 790305037 856205641 463274213 584857389 368294110 334473002 399562564 206319576 632120690 43904182 938904269 6234251
30 26 382662709 684237479
416431446 531699339 895373649 102627223 217879703 106381570 132072111 808183208 704616323 364098154 707750175 31844670 290319086 268962222 170707905 284714949 913118704 503219668 946649164 772992995 848086426 157444111 327978935 529918404 259777122 226684633 615842452 946327464 144749240 134061413
30 17 425542915 429909823
829125533 509852435 703806864 147932388 149713726 490971561 170243770 376173829 274483045 356383868 498468606 153985506 832724123 437502049 608426423 982815208 948547811 711775957 652924089 110103684 599031626 163704267 198548874 324774941 641569890 63158708 816875113 704139311 723197231 689176908
30 16 648895728 835770349
84406732 574634545 912662972 606002291 153693307 497132355 463895162 303521140 671787057 267426530 759708896 608626464 989865822 381893853 468566248 230151664 238873440 203689403 349787206 410335879 362194255 336728580 469833315 308816163 540668396 859637331 783431611 71134966 250774992 677737630
30 17 468000742 891425659
505533555 782449197 922549116 431780457 597697763 392120748 626656604 547372697 676840087 956436018 560917075 392014575 54222278 856288029 89017739 665308122 705820272 941018122 561209791 964360807 829738251 3776261 270360085 893571838 914015579 654062911 160388952 732964080 659242709 59160118
30 27 531220320 31978757
307402283 466241917 178157280 339748237 836215929 759579099 98578625 773215651 278797389 230926649 296946664 436641923 518979196 54875270 862596637 929435686 895156814 901725584 459217637 75166759 648111710 908883262 504027992 905929338 563083005 569773440 506250229 458089769 328820008 755386376
30 16 223797347 225706783
195417922 931760105 515987756 210575577 167340183 500996667 754247515 931880158 947193227 450765161 733491545 560425874 432771873 373498879 593028648 171412352 594066397 561976606 278210705 186830944 191459585 709759749 914516070 717000737 961307354 168313670 95442521 804298096 33183162 161934118
30 23 220376776 219557783
610497904 304007744 832512263 29450968 371862784 84561034 896715280 832712557 780394470 868760468 993956001 97325892 963724659 252856690 804637223 675306955 609911781 157415702 630019087 542919190 490196994 420186077 129440886 413304894 207561761 264283401 154215680 518475782 896618266 446246495
30 23 230591504 108707761
475600921 36465315 277702234 259848869 80545865 13004657 362387579 338754866 696848785 448006852 645305400 452450553 912344089 47854575 885414439 924211647 555720268 249378507 59733537 517314657 388264169 927691559 945542285 953084474 232466032 292335342 716214685 54927277 28814016 569830270
30 19 597639138 495920363
110322165 825263882 206934364 222149197 668415664 625933156 178377097 839015490 159347038 190303259 80463202 634440740 274229924 747709680 872323989 816057614 582733265 175619575 649270319 721551979 166082762 23466727 367602381 376877011 756220363 198122992 987598655 590421376 572366064 597956552
