30
30 24 402223887 93153167
801298363 504813494 130504276 467019344 387938442 664727923 499765171 851151903 365489610 701205532 583840692 547464874 772637907 169618924 440660843 24320276 579420963 462380554 919827128 834344567 899474362 636677072 332095060 990172913 199267244 783001821 890574720 53274635 761309693 929014115
30 16 273712702 907099991
338036056 673142698 960056663 681261962 455959179 700021391 884897827 554684697 621009374 735485336 217137103 124694087 495307406 614555620 256256198 795107997 199539847 370985760 878857657 537347265 959267852 576177772 569221786 292899378 127201812 192895369 284728337 903360653 999369577 215135632
30 21 102374995 519438533
928445 296066800 692213386 42971163 474558466 24434280 733175506 837294967 738583266 335129300 422242176 583109959 56098993 229227140 53085252 789119303 774442531 926192202 564926021 905162276 244694111 187212400 331987239 774263270 25840921 901548937 350691687 979265100 331383850 567379477
30 29 204709806 885338759
780772882 88133072 356655258 600038828 65086531 45257512 376067423 350465434 14348547 757507470 555967349 729270190 612363820 569964425 41325217 411769112 494054787 27239301 521682753 643882366 116394055 209416905 161852162 196052545 743799602 108260958 66225946 28945773 60234967 51065947
30 30 718196174 422834839
568127076 752001478 321232261 173293711 352498187 875620064 933040997 147892261 847508590 810895852 478049513 55544236 34168872 108416065 16459054 782336065 928064336 590266241 929928334 395868527 332069984 304578377 426262481 381296350 184403540 701647044 939613220 462935482 986431778 299492317
30 30 840699924 448764883
503195281 792532077 540898595 874068076 557471000 418251755 410348862 469962081 931744677 840408085 496475679 169359673 831724032 254596616 890910785 263320703 394997958 660658402 154631719 96038724 776558662 393785464 980909388 470351269 149755569 876559994 479606622 414697354 101008775 23811230
30 28 574307776 106851061
49487200 137711607 847921551 499859575 405422922 189423792 130946288 658829434 364782391 608577031 677571392 312639335 792674413 166589346 536518317 202296690 834332444 919905108 576223006 204465582 122390940 304639432 187544349 117719484 895602696 91451078 187678661 429383653 934683949 246261693
30 23 474935390 193319359
233908145 261902830 680857540 363916293 543654699 713309524 275961124 315103227 715597643 137790654 20152716 365638466 185279446 289038345 404475476 127679783 278388508 248321886 636798651 540582335 758464643 594151443 492782320 174786295 847776681 34546439 646754600 51405068 979758692 411186719
30 23 389963901 241240633
986691189 324985785 315183011 943620927 504803653 921105429 309240596 164888515 592352726 186091632 615722393 984078049 361962339 376771160 388932113 999176266 422326275 693319375 548791905 765663025 575639186 186458434 980245940 361717802 315487698 746122107 907717671 809177464 155838514 313281448
30 27 763551889 611689207
676846113 262382967 290333852 178608817 941743382 942952016 225308446 214023769 134604691 93487504 345339755 255496741 838080331 583055521 961092170 500799652 416573363 639493561 832197914 656455211 592665707 76998717 133864935 868184272 404951581 309492869 58486472 781486769 804386641 510885133
30 23 624368344 574314317
725883593 696292238 377710392 280487682 569998926 212439989 844906788 963652513 437830841 531046497 415990439 388054172 863965857 965795666 802970261 466748106 715764432 721917636 975673604 383597050 2490296 547171539 818442726 529388808 974321299 507488699 64579910 476424596 11401638 973856885
30 30 680232463 183644321
78423105 718856579 828601698 471129376 434526154 988774908 824672635 688401106 239486752 296557055 751501006 828749734 610110156 96369428 23628268 347533997 785662735 934763840 592947594 686919556 713905341 907079838 588347418 55130497 691323818 763736292 129735487 967202577 554360585 433427160
30 22 109301991 348742087
977880102 912898536 213091392 352308194 822793660 573990496 165859024 28271661 573432936 488862238 283488236 505685837 552952392 660165003 72967358 34403718 97958953 977260115 762615703 224015975 328784559 725655051 554814292 505045976 453902921 617035163 966486284 791151322 347648118 53787889
30 25 173974814 696030287
649271322 363936719 402364118 863354473 959524644 535783827 41464418 437337020 386292181 100032282 27872509 145768323 522986467 354033876 868002590 799969523 223224486 37892294 638235750 805031740 583087201 401269212 155722951 988472278 584429718 118532867 945903783 485088590 873068131 189992786
30 18 43319530 104225713
851968841 614818746 450089649 804668168 522500206 611808536 784892536 238363227 364282552 210294020 747489955 477817480 130704153 345329216 797308656 474334335 427543340 932382765 113802110 458709113 333211194 245560962 550924436 449833321 31981940 859196813 236670212 967774619 772824312 748774402
30 19 760936168 199291643
212131637 468556152 714774381 924791630 75480881 478483232 288829958 25095591 957454650 760539259 510563339 675716397 513000925 492978340 395233185 592349814 36495789 208719031 430886987 51492246 787790478 433941791 190307291 257452234 818847196 555598073 618385408 89495919 599117378 365857227
30 17 568324118 371179997
234726541 349811936 844050938 827904192 342031261 923790555 328758215 75326597 878142249 807685806 172238750 275350034 327354529 269949354 515378945 468171865 614110718 241269581 311910032 342558383 391044048 404486738 254375258 279862397 376712993 870685815 891413727 730525125 47026533 466072589
30 25 356254168 52647091
665354893 302802544 501473531 155396073 425562374 28858815 378319548 108188321 200392235 627077955 322743900 390010666 730256883 237699965 233464964 280857180 178587885 580574541 891629565 590551888 798826105 501067197 869376060 904183440 433134240 591779719 876594263 61665053 256255104 404135314
30 22 873012002 485436079
347752473 557699889 187947201 620585411 988546022 56466970 373289341 793130562 353263029 997501393 692366826 577999524 674611733 892787437 291323045 873835526 685718347 18839135 948058940 747007195 87891789 38164967 191532379 543374569 616256343 762557913 732598430 272925317 364848174 299273626
30 28 557758215 793520603
735378132 548929468 151159437 813232313 741643958 560362373 686402674 514490092 79404252 681971819 672918977 99491395 992053416 420860235 629954761 58214611 785134928 338629947 238021814 600297468 632425351 453452523 678467418 548204338 432706265 50947309 899374264 377013558 381085685 236004175
30 23 801777016 288310453
295852608 469021896 698727863 940051727 118596692 596375513 859707829 847863028 740021899 707095833 569435357 725050633 94039125 888300774 341567127 382900483 247296271 532552039 719262123 885009524 304426898 850861722 373841101 820474181 147199877 230801622 969452974 809241894 423628592 608085711
30 25 8033290 515261551
877271711 74285232 790249861 676738950 434882460 936416020 862905441 31504937 76530816 433381654 9026031 554562861 555812708 814356360 817478901 895268735 649783902 445342884 542650874 382337194 403640331 568584525 540643235 444757033 645410946 897055182 952179830 483656888 872198663 553001352
30 28 278416541 397250983
683251715 128352315 662132045 78190894 764998197 41838132 964088869 77994499 968386460 301432734 222647378 421380656 340771839 922612002 452007262 985365851 432841405 895460730 281418951 368885600 539645138 732515667 445885985 756034433 683608826 856991210 717355365 961194175 809944565 338318842
30 29 109572076 575659727
526720172 203132984 919644895 918238453 393641996 681912883 490183647 375156263 904503646 762472023 886869536 350373315 807527802 933124037 671533961 190102607 669797631 793670231 621382857 295846128 719428418 532011142 114641315 289095187 874504026 812129909 528391276 368149465 954661540 365364258
30 22 203137797 614476739
33150009 920159840 68448378 231356015 46643722 175072814 34486145 594913205 946721336 657531653 714798166 273078365 555275167 51080141 46960360 338164574 483952599 447423030 702387755 497604315 50440612 4259881 197717897 438151525 575788249 97196443 302597184 500572887 700894466 682864601
30 17 702638129 134643697
839864627 924780630 168314601 635534796 713044738 793171842 519619474 794407076 870855531 925999551 584421207 815071297 463832711 154787025 378662815 968671998 379530212 135310473 928233934 152907660 508889039 809480213 470290983 59084322 661154665 326048739 310722716 426939361 949841215 134877272
30 20 106175896 155803687
36030326 657723730 452365321 71038681 2694575 120834127 689215291 230860197 255571001 356960049 577180491 667792470 531134832 199065274 576104154 14636301 489310559 56795083 751484285 321658091 259794515 184623841 614854401 708097315 328055337 559041334 483682417 772318862 563649757 793920763
30 22 316707130 495136543
88891184 239453694 687557572 902394896 236089122 140951300 602627702 609424392 781675264 544177363 891526797 419256026 578363454 670352050 408808447 835268705 748663076 570380123 433871029 334620374 630964474 932905502 965687881 963678951 311091801 919705708 463774164 641947016 601412765 852140030
30 20 700550898 543631699
38417293 551237210 339184095 375433746 487997571 35207818 291482104 484622717 660343323 68999133 724487186 197722298 337134190 678874023 90428523 789695500 101015762 732624278 931590943 187558209 780301432 402100717 922888974 145298533 759256612 33385826 783233150 561605952 305148151 295741978
30 26 642942778 611182787
605073248 926084803 836730013 399536328 965694365 389356647 893159085 558682132 785651355 900111933 135755112 655654312 256164982 969420872 814051894 237169855 578583773 629941966 254588499 63803724 182196411 34833532 240865396 204217039 546760903 763413607 661299972 150263454 674212481 143662741
