30
30 29 400 60307727
222795670 780863495 651560540 295551806 309793957 557326288 618006353 41992747 257098610 482732647 249561614 385217025 252998236 510088583 596008918 327025046 618113184 897457637 878575930 601640065 212549206 501260638 45302708 629421401 980642297 834950124 742153132 738193653 496679090 836855506
30 29 400 709319021
921298109 231289535 521319654 263703277 341447577 426858900 680054448 63069709 993066213 512256621 484144936 397914171 66328245 291207147 273330295 278078472 366953385 140112774 373477943 511054369 966231313 564408318 639440770 111005716 8493233 641931189 820377209 429466481 663251274 503153168
30 29 400 365670751
964321421 776342209 643982580 839122429 890919760 134723679 110256493 908309605 655611708 251018004 746586219 90981243 635793896 171027471 925272826 308001390 813280533 108346317 927587356 220986421 217692723 915675841 362134803 482867149 680176290 594546914 106590436 94256005 283734287 553733598
30 29 400 580016921
574372843 355874544 478224301 693913707 176892110 123408155 23900625 572892540 733760134 326769098 571364968 32754151 721056692 889737216 22464475 117035501 665043780 814941609 585463224 48014135 969070211 781007381 79849563 723500319 587932167 538048346 613089758 943477529 549614869 622070773
30 29 400 353520251
373024681 368319588 635100731 886362896 433865302 610814505 810637444 660478444 294852147 316401631 269783991 587606697 68798960 213347055 870094196 493751630 558853904 840295478 314538591 925285258 947102819 892392970 907722347 936265947 220474739 91707717 453879055 792106010 130141078 439709271
30 29 400 490700453
452878203 881202661 878229565 497377501 45396564 613044886 155007205 60011184 916483669 162427635 570276731 445803047 854241180 609868654 338184585 855209999 764352718 911535341 729351214 749088208 762199696 802116550 15505380 5965728 975821891 656549137 614747117 158518071 753173119 30391992
30 29 400 910360339
13636665 607859013 512559867 704297106 761263548 721958196 589648536 33971768 737735152 532180648 44271713 541890960 572124276 687035465 591087179 109792676 326681170 15787415 65424839 179275471 163441109 212132748 343349934 470270502 684980248 820967498 854004513 140924583 314584514 532194660
30 29 400 421690267
775858057 699742596 847290817 762374802 298062535 457801966 400812220 802228536 748546582 921952547 63251383 480714641 730230085 3020507 797774055 354123274 74801610 439255187 921319713 124312814 916460820 261082833 649163212 270505200 966773999 501861635 533330918 610199401 165426011 187299046
30 29 400 845200217
518612471 13480224 474424782 702287892 478659898 680824221 26671710 925957937 91980414 226919472 714353807 616806225 942505264 172791109 783994456 782346798 641882983 73740770 82059154 826499498 384688548 975901533 845633628 16232441 420237719 84499950 340599322 10339320 761877906 431209165
30 29 400 921641933
744132976 656641667 734259371 442198530 219015727 771619025 349640312 580443478 449639176 124080359 675916929 352599528 123477586 225117677 401834183 24827674 912341698 200625249 685782595 18552126 126690397 12149438 561579937 348918938 88428214 660587679 642465865 472560775 102499891 538846750
30 29 400 655076401
123935321 947013943 511239448 920359588 726393104 644210978 611993128 228158837 693382079 59729368 198797877 857958221 748168313 173375631 959818944 506390315 948022539 914428081 594051724 507654572 55389137 415983375 826649715 685281917 803965591 685393416 696423646 576895709 618812306 226369405
30 29 400 493004653
699671201 862506585 635202210 281778714 75669390 222604351 706265144 47523385 558259843 56123558 783926780 988432634 946630003 759703310 93284981 391682056 290703110 613731181 184001416 386513894 953528345 745342788 443802066 5585259 224118524 746307574 300707540 866522232 942412639 43672285
30 29 400 540872671
784381933 399760169 434983825 970165645 998553552 625968006 236626132 972755679 644687618 568978074 122328901 86154097 194993426 775249303 720881344 827875484 151909496 566609366 879274808 963293511 9758407 616380207 706028890 846568071 724680056 790604144 896366895 524570668 731659869 718317715
30 29 400 120121487
73163897 610835703 719405220 905497117 731598344 916890558 402495979 306918271 175225337 757687527 467306455 855332869 804585801 261426062 723786086 712137764 714451718 577521605 199784443 133364610 878068942 600712850 176401614 795034325 68181771 532429399 123143211 951376659 460950288 772493408
30 29 400 779448527
920335212 532645653 360708879 658790976 251838381 893844434 96252870 928124902 894094664 6367450 328720331 595307956 607578324 59277586 988913696 139531533 379063837 991075280 487637341 348853873 103366287 660007325 359858757 287004948 220587492 161417262 175202366 376059265 298444562 957975967
30 29 400 6715127
418758985 322756075 719095495 706613606 910281000 923929835 421938126 507003740 304080383 199460086 880191245 239149048 694009790 784278252 415902130 733613687 116193833 324601292 545751411 892005597 278407233 921605068 771763569 817739087 68943510 413318471 429172310 618421729 264157791 703447446
30 29 400 295473443
630403820 136340966 458613803 873876268 894322875 15927354 549854171 399057538 77238144 682107815 921055554 671583433 782261395 475213237 143001260 367271708 754196287 332496552 614970109 64996026 938611686 449073778 187649063 472767226 200417367 22230346 972323041 338570847 646831542 571779295
30 29 400 439084337
745269556 470300157 552625667 923895913 512126269 87887196 745529996 698986518 152352 382568117 931228808 456157426 568630205 891979186 942203591 927630549 107764088 394331424 626913153 135943211 502915087 356694659 418012822 705229645 261002646 900828379 701446070 86036043 68683955 113014377
30 29 400 249294089
923851512 19351087 879616499 279080901 307840286 653680539 304525338 942176399 536870436 890069272 534681439 478492390 600476121 28364895 151572850 533543860 666383117 251211652 805429736 86516212 599991362 577825384 382717250 553882492 977809782 874195279 56653203 551215644 13139490 349724424
30 29 400 236482681
166372077 153046399 101443664 22736593 117603493 103449104 141859343 132070715 942843477 364694418 239180291 593576127 180846300 471197559 329106785 933176184 640445428 672441549 657811225 165776909 344010132 503107327 639031270 67804521 774810677 728971917 825000605 580707657 154047761 829355687
30 29 400 496514429
986363435 510514173 317367463 474628537 544757698 185394845 141320817 515779563 550586943 383115965 297249530 403712221 644733517 522066061 36848603 269975655 250284339 59954761 713165422 771857057 400010822 88521978 405587655 698946215 698447327 553486330 260289978 831529651 989956122 408704937
30 29 400 976219873
657162064 660757814 274390763 525686996 978425909 100420569 804741267 194686068 1849125 358344663 20669645 928194246 61222660 45367583 318143356 544867036 406177076 134464828 534961897 134135477 531748321 438155261 251023676 548615492 778619643 942279706 579430283 668211874 480612400 243705855
30 29 400 70780141
643035453 51804553 493143145 873223016 999017263 733251705 847575363 859523287 435227747 235844668 939004465 703445796 671393898 900427319 27854531 136514565 890801590 827442728 271684597 403671260 113386486 735922423 301134456 504312211 540357648 891162871 197571989 648875902 96377536 134038862
30 29 400 692071483
699709016 33364047 30347059 162996280 235927876 739403452 13919804 358456291 779715092 769989812 154650451 856430654 838892036 20531123 452916998 76860049 280404638 75043855 489514228 766319263 902742009 247341668 657923328 188568987 613992581 438631110 662129439 408966322 82609455 301116875
30 29 400 802443257
931749351 252052738 926693217 834259228 422027013 863101210 887083460 134150678 175828833 669586217 988921912 928582487 507423848 123042173 5061173 719283127 16357216 483298679 42828863 119994477 137236320 180175887 784504905 382981074 520638273 502710096 935950580 806011748 272189648 115801907
30 29 400 507328609
624054708 668562707 339955004 182435231 741305215 648290324 394384477 310983463 972596829 627620902 942428075 898313661 423196517 82729273 613850583 352944637 296877799 96587470 891200415 106591670 985001840 845476291 419925361 565456132 795607654 227244707 963038069 543669861 350779218 554989392
30 29 400 726885791
796261344 744092568 757621602 798853829 277796545 231603746 441150375 521240891 106567449 367032462 806368102 66794843 912223062 504302051 485920352 119558256 618107870 888223708 737946260 430581717 334018700 66752152 474812922 563715693 796190397 389076624 452282975 893283180 908691603 919196286
30 29 400 522779351
867914446 506953833 601135234 171436514 724666483 223660711 269750593 577125495 613201990 328361900 396652398 705278040 501450956 871911609 56560544 510054378 8035863 556768846 856181227 395247538 578416312 472434062 386716983 327623445 64195347 497798710 579038436 198092512 441108508 846224525
30 29 400 740789107
832969941 649478940 164715794 565780708 429452563 873750328 418951358 471018497 641213802 693641373 807358056 983045230 41681234 212833473 663017243 886621642 501417547 944705888 654053270 785620035 554839971 533739301 212559966 413141523 91726563 663030973 633945776 544429139 20671284 325950797
30 29 400 889258463
161062513 420804533 808932824 643880061 290687871 504816061 160867419 86162875 646069074 305607247 825473270 612980782 778696000 404009935 14944220 674079715 836490224 539258791 555791930 316759415 866376649 226170037 924085892 391878880 836177437 545042429 258907520 571606381 192657318 957738547
