30
30 28 200 290309233
661222055 803934313 328603107 698321493 280851906 101374630 783861210 613869271 297605743 539898103 924495027 197505370 618817053 710714552 794988966 263788631 951336200 311806934 922836417 485091715 862846836 201697478 831899260 347814691 732798159 246419070 812652618 456453278 2319466 932584407
30 28 200 586927861
85579559 437358641 646259386 129219120 74930438 540578950 378892448 931713976 723791429 113999977 769034908 359302638 277205455 644034000 706406094 453266730 125591943 859749928 390385463 12635893 231027254 266563918 420540182 59981239 3784000 189201362 407343977 170822218 484642948 114424270
30 28 200 153857629
797582943 828364832 759214987 269471827 508142563 921303435 765911403 927186354 739424970 522096248 55152276 313207196 537509143 650313553 863258968 664536606 67961847 57613819 918325609 946651135 111033986 15421192 346959964 449630570 351878844 347264174 307352230 732223968 823754198 541846033
30 28 200 80964529
805410538 172053219 194944164 73136723 296639953 423102753 280128731 549921456 522468133 817903235 494494747 203166574 15984396 148215595 674493383 554997961 41512717 163810366 405462645 414621117 196640588 991637837 255948757 742063611 397727174 51668043 649679792 888498356 428703355 932965858
30 28 200 250813103
621893365 866723637 581102389 562101246 891155077 269394315 190390910 293744461 389287219 307446485 735202001 793092215 435352347 737973562 41270343 695906754 109675112 178365278 886217289 424851904 288537831 961889886 23843646 239420503 5270314 894955346 460681106 28223765 121668589 236578120
30 28 200 822204247
586360323 24434074 563804859 596583928 618075843 554685110 973199487 740181084 55422600 368151099 718211534 811127749 310497821 784597268 731826375 182795750 626370411 91342684 205612282 99228232 546011303 851139123 713869664 709632252 982948498 683537483 348088815 274768052 260896419 532805877
30 28 200 69667997
992324008 839772496 117116086 941649804 374495926 845237873 88575690 689070087 927738099 465147239 572252379 261386986 178939040 862503596 67401282 578815135 581128669 404233575 617464040 493801636 340107021 860410471 694454473 48034980 288546096 989265278 37980196 336220021 495743892 625375068
30 28 200 21180179
385722977 184751070 85593656 834222645 400702430 231419763 849695753 544174801 579964933 104005634 819254190 331637339 434127283 340169052 901619506 661674817 238776492 437747 202376343 574463927 332256665 981123983 18950315 978926900 650615055 192161754 301830570 185233276 642744320 82017114
30 28 200 310188439
265901972 681500033 31618668 766459990 51442296 780884798 269084181 743813552 61278718 808627446 321677477 377530453 102470241 254682194 279717015 611690936 688716672 753770404 549151878 468639614 484878862 544541703 335031335 3088125 435473228 147757186 937926042 844293718 656595209 148684920
30 28 200 567887291
638260581 338498880 603997596 680893309 638377165 341035442 120275663 233993731 666044162 56863646 485983050 401466446 874084309 531402887 519595306 834934051 289198702 894886178 675366213 949514086 616525216 985900290 635991361 510171263 924564245 394607404 374373957 676115335 239482743 211339735
30 28 200 10093063
731025584 248959389 197281133 227256526 819787630 610878492 42284556 893410955 561135320 523157069 925579841 111804245 436787739 244720039 245810879 400065740 451558411 268759858 484659605 248408962 622101007 182486588 477650415 462316167 230732512 705943612 311969339 5824168 524012243 454737458
30 28 200 267099863
817925796 847511744 649838220 555610634 998851105 854091165 349756787 630593281 829589919 814733649 483598116 417350027 232143505 102384401 444166359 328815198 761032507 719761768 298494948 455125079 797048965 401075471 125503879 165685994 576958453 639372896 842683825 724981233 168641083 831934999
30 28 200 630459541
214368476 36509413 391707003 844495023 54765558 177832624 68632340 190536366 162172347 515076714 232643103 719952296 566048739 130280521 382922242 48711818 37795155 450060293 755815990 879307524 530925639 504429007 777197838 945171384 689702900 667643599 976843993 126164910 136399455 798293298
30 28 200 949582391
106877864 335370685 114386204 71461256 296789114 289954380 762333229 960683527 166494844 48828614 401145447 903286582 261434194 103118426 983252604 914428024 695340270 272668191 838581352 300283600 999576509 871168828 2343153 577640154 960771596 582929784 290667801 486461918 852075096 170044614
30 28 200 179638223
938101181 970755405 542103987 628936618 309706138 188490061 590697569 990443674 998334841 401716670 351403424 962702104 950310763 348559186 659367391 660080022 819864818 420781356 192288623 841748129 885153669 800551971 720610965 463320441 450321717 450778244 933263813 703198330 657959606 56762468
30 28 200 30174587
142257148 743206180 829443205 850783952 149417075 941850620 329878720 912935619 389461393 606875624 999926224 271938443 140448188 225409982 12199390 73248381 293883775 463087700 254194700 825712256 208233224 421900555 190969444 647272513 260651861 246359060 508734240 669822825 182365420 888203376
30 28 200 424658071
25494510 464043728 609890115 236430362 144670491 313195542 749477135 916026863 41925726 908426660 82099233 543854677 166131950 383275109 624074401 343186261 723392223 722696147 221298308 396690679 236289570 249070902 558114559 210306354 850410513 528344298 598181727 634044894 225123477 16952292
30 28 200 444626069
345327914 450533465 102830137 226561782 478439272 735898625 14897939 968942541 34990450 563703633 32841944 453732032 592327428 808575055 80996243 723087331 71778203 395033218 149726208 162678045 951747712 810800487 559826171 664206166 774659134 96298359 906803442 348072461 932150892 121889598
30 28 200 671939939
888812492 341691261 663082938 498451267 269835444 740638470 729459239 533826817 543987593 786242704 530750054 795509961 211337006 971230784 421671977 819408719 534196395 352877524 625761311 628805551 158392261 501649722 612074364 146530015 853361913 333117596 393782158 896141754 728941622 635686489
30 28 200 575823241
360128248 528021307 121025661 410767998 307247151 159986976 428184583 311981797 955342106 890123638 648657163 62412610 658365497 630329814 637039069 651215824 91575207 396122613 864210977 93001023 892335084 189512165 4032905 482961542 949688628 894183702 704583256 792030479 915212192 38509867
30 28 200 900511949
813359369 799536559 698866581 789763673 93943246 971904105 261922427 896274398 193989889 472024383 33824801 73055807 337168795 323702924 741217986 25526929 576423704 81719066 990731826 961403163 657236471 424016425 289580155 184441139 802229168 291244786 845888589 540120281 276660382 746133479
30 28 200 242544689
503995970 264826704 281793815 309374118 836730555 152460279 276284597 485530983 717084036 863207390 778013885 932186463 321992065 936644864 574168636 325634598 435551795 926647803 394229218 287378567 452548160 728757624 879228233 427678118 768028553 866672330 242583918 724770964 904098165 512257278
30 28 200 777194699
810173226 699150941 999837741 409425317 65809426 380031143 895274676 902088973 901177847 894891979 873057209 343092631 472622612 634486612 470702745 304895544 983237787 302908069 502023112 361448722 108381019 908115742 562348841 199039909 285145088 628798297 802792002 113870662 270221948 409626916
30 28 200 573069671
20378387 398189715 529988100 477144232 226493881 539847973 669908037 651217016 595986512 544117149 921578709 603351957 628905952 315254556 676012376 961451971 186776093 223935081 974553251 883937636 423576426 114284515 449370374 392975890 809943197 896675143 554420992 596686728 463747319 333658752
30 28 200 2838629
813549914 724444302 841595093 234017207 736621698 41220538 382481083 858540627 552500664 751870648 198196942 546777361 392846005 949390291 221142471 244689060 61820330 489619559 843342811 769700344 144658336 383844888 345788255 447288403 578188721 623289490 374413743 561276758 715416896 790877021
30 28 200 630263297
335028846 874002654 740271692 594177933 602469347 92391640 41262266 692256046 146626676 199808208 414650834 268478246 657897885 5372149 674161939 977881502 169463594 730728895 32661499 583565411 625703449 718000289 531675709 445036506 122191697 661525425 859245200 780222707 968372695 225108387
30 28 200 766590101
629161698 317259097 28086409 169280938 583997150 603962634 556356576 598694274 497878079 210492333 623388484 525582101 933515345 248886561 590202026 65114639 929156497 712319045 569954637 236896651 909682235 340984941 528158512 682035743 549839387 549504459 285590443 642609308 827603863 607510209
30 28 200 46572601
675286578 558846167 157340596 996577268 538896687 644140170 274700304 671721804 13531509 802236094 229812386 427749266 822682977 151967815 468339265 54111080 225019024 219922405 277639181 123238412 551193484 850649117 980415466 927413745 455409918 955860521 951569248 916664112 570172900 502025087
30 28 200 139617989
627419089 600949443 888240840 333145491 586567988 367241668 426099540 588580875 152018959 987657733 167980912 5490304 902901620 109295234 822766148 804861261 213241452 770454090 600883624 405093081 756061724 173414279 524092155 777974246 422467564 328993509 38917142 324918624 886621899 309528395
30 28 200 149751749
439331675 635252391 952753183 906258269 653928409 363229699 382551558 611465624 597722854 582091443 863455808 842532821 124766788 151754251 335588275 259880026 125834652 326587793 660164266 5850938 105390539 941424850 129375717 647911045 735359189 468710222 798031646 500952405 323192901 64431116
