30
22 12 22 587086616
648222393 633567167 78892552 728607450 938458584 504004616 674239876 675314983 541623218 91604652 695577430 440931402 140875276 733072648 486243217 58028199 182000278 380946248 251144925 787912251 707072617 545879554
16 8 46 411660044
839308709 178960331 34441202 761247301 462242126 11606669 327431754 152099919 998672475 139664246 808080980 356791010 70314001 200900093 553177390 964223995
17 16 5 268065745
960748528 573354933 316179798 350648668 751967742 601040853 252234108 211341523 607995519 653248449 333733020 546205601 537591035 790561411 465152247 299479586 933876170
21 20 6 470292478
722709550 914384105 804059268 950262441 96160087 654846157 896604103 139011294 601847248 814458150 299470717 828386791 986720419 657119603 553019051 108810961 183283975 143576590 519841141 427310215 399688907
9 2 12 254657181
794489578 277902293 634940292 808621549 15169352 408014057 904293455 697518650 635716616
16 5 58 238963798
980757306 551424161 522841334 73455052 457862099 920494900 731977028 736397818 545218586 77160594 265391293 344971759 613389189 390378964 6833706 26090525
27 8 23 899133110
455399364 27360229 271909387 129023606 938911199 721399122 299353883 530484014 768096274 452574748 308289828 544064040 904422756 473196097 303334543 566481148 397695339 268222741 104549921 446997012 916114221 721766769 853371977 11495550 328201359 700382292 85193886
7 1 55 874814332
577198319 138281429 215307888 750428130 735359484 74899310 215354637
27 22 26 369160474
896393210 688843693 158442357 83287135 257670191 309928541 874886735 958138201 434381228 823095181 232496603 79728582 223270503 275465568 80344654 108597054 164316673 245953677 389766274 859499109 931173108 714014616 779708959 178242914 342017168 607213144 981352763
3 3 27 235527951
866381895 247502434 888297607
19 1 59 122617719
432645857 691029567 126995971 665609348 998419675 394319767 629440012 893534484 590242630 907021474 11221840 161546395 434151282 502624848 575689447 99017348 769415991 870246705 341437441
29 17 14 979137945
449051261 71399079 964356713 101796238 257603982 507432548 489212237 164054624 251083279 658224626 503279131 861244544 34055990 612957200 601720460 284565290 252316403 357811361 362676734 609564379 478327174 240033746 771854515 687467489 312900382 800293182 273978054 641929279 296844432
16 13 7 2110176
571268837 315138434 617350442 420442600 431893095 356871865 142869386 99612071 591697493 903960356 755070563 381179285 634345910 789017015 26625883 113645532
11 7 27 82691367
598523434 111664757 826885922 614338537 885102476 857366386 356559741 336978046 236062172 575811002 776887803
2 1 42 264589718
756485761 601300712
3 3 34 537610483
154008314 907921511 135133296
9 1 55 67737985
744910635 601703354 458810085 626791295 110542042 396692188 978352621 202808249 954422133
30 11 55 585768534
64295531 917135044 309608897 343698118 268717391 463725647 494132920 595121470 798347358 140138306 132294383 665155499 418171785 392609047 923425190 191728320 941180372 945865984 234940509 201797984 490940988 376399101 765710603 435230842 840361719 780124245 221389760 628813983 472392990 946349072
29 12 16 133938749
483031102 538521821 983623046 608742437 284485338 828043329 661331230 188477964 807240922 827821471 124091222 716310220 661840924 75662191 379235965 740717039 547019346 517870233 406543573 665061315 945936015 796681441 347680200 708208183 867808495 258825942 206868509 411494593 680565995
12 5 19 2521521
14038657 50143102 396228503 135025849 810030428 755007953 679627803 560307929 710494586 197161906 515191853 307344137
22 21 24 653423134
677812347 865369106 87328506 154396681 581663527 177450704 927549326 203046111 829082987 239665448 598299893 27355323 56326313 292797585 964936949 551805966 951918161 255790442 939267530 859405606 435476910 643500418
9 3 32 794446964
494039074 367080302 213647078 860061702 228406065 563505836 487494937 144329700 48434181
11 9 60 944304840
335187123 125674874 46597072 872757804 426943625 962157905 445334065 775790928 260989856 203887727 959931601
25 22 53 864835312
185089380 61114925 694215918 229835712 519165652 891883808 626096326 228485869 390639793 169425766 497062991 114206181 966451770 558531474 39824334 759784288 738998056 649415435 395857553 427858086 963202123 776037991 670846871 922719670 766155479
26 18 54 107707832
253576895 564980004 972045909 447319004 231009446 660233726 481037217 426535263 770671730 962295013 15428870 46273065 411135333 231286073 588001756 844983381 293193332 86894921 538081334 409420831 908963632 353609993 869109314 932823227 937799169 416630527
25 20 53 842469222
175431218 748091001 349391154 205604138 78654673 120989395 520079814 943357876 822394386 352715996 34711603 244895137 673136377 675372266 303662300 605392932 202782772 33356883 774585029 955410398 308994696 852581210 905950690 767030563 123246103
16 12 7 720937068
242000341 793891407 683235245 687547319 510347277 391772533 231804443 226496487 165118503 462210143 393211403 245410251 626723760 883880974 491132170 210457500
13 3 59 107248635
857756456 392477388 721978185 453940680 462904535 441896787 334220475 262570615 337907765 465192495 529314613 981417059 806788339
29 24 12 377577810
93173779 799523212 686412918 187879832 909134678 316865845 578302429 425895188 805195303 964786068 895327210 460408449 896059789 868748116 634687294 264176304 538985045 86783230 187438006 802291001 520610124 723572121 594188372 842563478 138947922 310468436 704547264 118294193 815499948
6 5 5 984536167
488994306 570740765 221974491 784293808 740980482 83898128
