30
21 12 57 468192861
410800472 637188118 513552929 880332613 699775842 977521426 732346695 568184276 464995491 566679490 38805718 426056059 366381827 927346921 754868023 313770622 339665352 766898886 485871597 555528597 197588871
6 1 21 168543994
497113244 117407325 712118155 91476746 179463065 819270795
13 4 12 509558574
735255564 129440024 268614315 240879197 808206200 768883448 718454542 988688403 525866454 407987007 713350124 121270866 600752330
2 1 28 662044221
690161472 131505616
23 14 15 213442388
742602409 715492398 720615996 732939488 545065441 412972124 184876639 730782561 156243940 720663880 764507665 235179605 431864792 58842081 197061174 5860764 150734830 154075144 740316390 502739290 882460584 746689521 739142180
29 1 58 172307357
139115372 743430600 535321314 98579479 406331444 534331613 320038261 875539383 494195766 872280116 191418237 188328616 432135338 341736247 759496124 617708967 936499442 68659783 889783175 673795042 359385085 495559095 686884004 537077586 476854268 164666271 602422193 526449552 525963912
11 9 35 91518665
852980474 550047689 320065228 475937472 874486596 919415836 491982722 918794343 357977397 208385682 616755635
1 1 50 706656269
132943283
2 1 31 667352154
261149999 687363094
23 18 10 290730681
30156333 114885902 460753792 196278137 840837249 826070912 688738262 842878771 328631947 944314216 545590702 90260656 604362071 823731036 147172340 932160212 960292698 585147718 485031761 193091616 186596666 226879102 150491794
26 4 30 493700861
616822847 245315509 640203646 961396169 111467258 529407097 173775020 997707290 776424667 598236274 642157142 217575338 468965307 25288876 452893574 368286968 454465498 743509534 829005929 315383279 759586232 592643382 615998958 732217433 898697228 111852200
13 10 27 398448728
372605648 565904724 614059035 970797500 568812610 590413586 114022857 272014962 490219187 544749540 427464682 940074848 944378241
9 6 20 519261692
810910410 168540513 725791219 601600862 33374702 650770102 613199319 954591780 182186298
9 2 48 196470730
51506718 570688569 108932110 28173215 110846491 987931696 12511911 378369420 146481602
4 4 30 312708375
845121037 725485894 114256825 560702826
13 9 49 635001555
180032618 32909597 84828851 523485591 398095573 494255269 968437238 876319836 662755884 882334731 910263206 748378947 231923289
27 1 39 801717729
662756680 677993927 995913434 251315950 843399898 598065204 241385587 55263559 471386041 723930299 674833144 934931669 93370019 356730508 490752671 670989458 802585814 171162103 976940381 146865226 51309389 460073411 289470166 122812755 384671387 627443570 574067375
18 6 18 597115121
676060332 433406765 437878543 596878154 861021325 490496686 561552901 583052456 437048516 746063815 466864087 492651709 240805941 893254578 564205824 430167869 834619262 769201118
7 2 52 641996488
153061921 73323532 261147805 315530413 770894311 348042307 183685233
3 2 26 91672129
225071251 966487302 299406678
1 1 60 297160677
8916468
6 2 22 737587671
322688634 611500541 405428059 356501463 412371060 841995807
14 12 13 717792659
215471194 612349097 13631922 333728888 147403585 471923610 461871205 246639202 863439945 910421612 329351409 180346530 87731327 927549543
17 1 46 24581408
538048909 746631648 150634592 360845877 519439156 47952560 657063876 654947083 532638705 13060494 164450765 387399366 486676589 642943713 872627341 567877639 76864885
10 8 43 673038678
427013059 84349279 952015754 702466275 738435957 301177721 406427435 81391351 806538877 563625260
27 22 29 108938685
117782146 225150538 477488618 137337758 440344481 967064684 911744204 640192010 342988282 246265394 891631918 414686476 694354105 99400106 495970378 313142556 971971984 120931455 449855705 152568867 138717399 975675616 345945115 82625638 71184194 707046388 793415757
9 4 18 400454521
140476192 740723537 749808891 198964797 436446331 136776024 54850036 62313452 14749245
30 16 52 416922961
578256576 706576490 60602409 799341505 784484633 704493847 550610230 282372855 115183443 986168214 785692049 374206407 447571811 696200360 24665406 38387791 909321060 217989585 379298121 524610943 110089963 652846174 767908662 68457981 648038298 223526385 589613544 368836769 984114886 266490505
1 1 52 778766463
635577093
11 9 25 504728727
46762748 663511181 644081997 788434332 915593765 446583208 698951481 472997682 478586236 496192372 473168030
