100 100
58 966
58 966
58 966
58 966
58 966
58 966
58 966
58 966
58 966
58 966
58 966
58 966
58 966
58 966
58 966
58 966
58 966
58 966
58 966
58 966
13 990
13 990
13 990
13 990
13 990
13 990
13 990
13 990
13 990
13 990
13 990
13 990
13 990
13 990
13 990
13 990
13 990
13 990
13 990
13 990
79 443
79 443
79 443
79 443
79 443
79 443
79 443
79 443
79 443
79 443
79 443
79 443
79 443
79 443
79 443
79 443
79 443
79 443
79 443
79 443
22 231
22 231
22 231
22 231
22 231
22 231
22 231
22 231
22 231
22 231
22 231
22 231
22 231
22 231
22 231
22 231
22 231
22 231
22 231
22 231
92 709
92 709
92 709
92 709
92 709
92 709
92 709
92 709
92 709
92 709
92 709
92 709
92 709
92 709
92 709
92 709
92 709
92 709
92 709
92 709
