100 100
45 669
45 669
45 669
45 669
45 669
45 669
45 669
45 669
45 669
45 669
45 669
45 669
45 669
45 669
45 669
45 669
45 669
45 669
45 669
45 669
28 295
28 295
28 295
28 295
28 295
28 295
28 295
28 295
28 295
28 295
28 295
28 295
28 295
28 295
28 295
28 295
28 295
28 295
28 295
28 295
17 601
17 601
17 601
17 601
17 601
17 601
17 601
17 601
17 601
17 601
17 601
17 601
17 601
17 601
17 601
17 601
17 601
17 601
17 601
17 601
75 468
75 468
75 468
75 468
75 468
75 468
75 468
75 468
75 468
75 468
75 468
75 468
75 468
75 468
75 468
75 468
75 468
75 468
75 468
75 468
53 1009
53 1009
53 1009
53 1009
53 1009
53 1009
53 1009
53 1009
53 1009
53 1009
53 1009
53 1009
53 1009
53 1009
53 1009
53 1009
53 1009
53 1009
53 1009
53 1009
