100 100
55 734
55 734
55 734
55 734
55 734
55 734
55 734
55 734
55 734
55 734
55 734
55 734
55 734
55 734
55 734
55 734
55 734
55 734
55 734
55 734
81 881
81 881
81 881
81 881
81 881
81 881
81 881
81 881
81 881
81 881
81 881
81 881
81 881
81 881
81 881
81 881
81 881
81 881
81 881
81 881
17 436
17 436
17 436
17 436
17 436
17 436
17 436
17 436
17 436
17 436
17 436
17 436
17 436
17 436
17 436
17 436
17 436
17 436
17 436
17 436
22 622
22 622
22 622
22 622
22 622
22 622
22 622
22 622
22 622
22 622
22 622
22 622
22 622
22 622
22 622
22 622
22 622
22 622
22 622
22 622
42 96
42 96
42 96
42 96
42 96
42 96
42 96
42 96
42 96
42 96
42 96
42 96
42 96
42 96
42 96
42 96
42 96
42 96
42 96
42 96
