100 100
32 15
32 15
32 15
32 15
32 15
32 15
32 15
32 15
32 15
32 15
32 15
32 15
32 15
32 15
32 15
32 15
32 15
32 15
32 15
32 15
42 595
42 595
42 595
42 595
42 595
42 595
42 595
42 595
42 595
42 595
42 595
42 595
42 595
42 595
42 595
42 595
42 595
42 595
42 595
42 595
76 370
76 370
76 370
76 370
76 370
76 370
76 370
76 370
76 370
76 370
76 370
76 370
76 370
76 370
76 370
76 370
76 370
76 370
76 370
76 370
23 881
23 881
23 881
23 881
23 881
23 881
23 881
23 881
23 881
23 881
23 881
23 881
23 881
23 881
23 881
23 881
23 881
23 881
23 881
23 881
89 261
89 261
89 261
89 261
89 261
89 261
89 261
89 261
89 261
89 261
89 261
89 261
89 261
89 261
89 261
89 261
89 261
89 261
89 261
89 261
