100 100
25 720
25 720
25 720
25 720
25 720
25 720
25 720
25 720
25 720
25 720
25 720
25 720
25 720
25 720
25 720
25 720
25 720
25 720
25 720
25 720
59 899
59 899
59 899
59 899
59 899
59 899
59 899
59 899
59 899
59 899
59 899
59 899
59 899
59 899
59 899
59 899
59 899
59 899
59 899
59 899
69 864
69 864
69 864
69 864
69 864
69 864
69 864
69 864
69 864
69 864
69 864
69 864
69 864
69 864
69 864
69 864
69 864
69 864
69 864
69 864
16 852
16 852
16 852
16 852
16 852
16 852
16 852
16 852
16 852
16 852
16 852
16 852
16 852
16 852
16 852
16 852
16 852
16 852
16 852
16 852
21 769
21 769
21 769
21 769
21 769
21 769
21 769
21 769
21 769
21 769
21 769
21 769
21 769
21 769
21 769
21 769
21 769
21 769
21 769
21 769
