100 100
55 60
55 60
55 60
55 60
55 60
55 60
55 60
55 60
55 60
55 60
55 60
55 60
55 60
55 60
55 60
55 60
55 60
55 60
55 60
55 60
28 449
28 449
28 449
28 449
28 449
28 449
28 449
28 449
28 449
28 449
28 449
28 449
28 449
28 449
28 449
28 449
28 449
28 449
28 449
28 449
78 215
78 215
78 215
78 215
78 215
78 215
78 215
78 215
78 215
78 215
78 215
78 215
78 215
78 215
78 215
78 215
78 215
78 215
78 215
78 215
84 302
84 302
84 302
84 302
84 302
84 302
84 302
84 302
84 302
84 302
84 302
84 302
84 302
84 302
84 302
84 302
84 302
84 302
84 302
84 302
31 704
31 704
31 704
31 704
31 704
31 704
31 704
31 704
31 704
31 704
31 704
31 704
31 704
31 704
31 704
31 704
31 704
31 704
31 704
31 704
