100 100
44 805
44 805
44 805
44 805
44 805
44 805
44 805
44 805
44 805
44 805
44 805
44 805
44 805
44 805
44 805
44 805
44 805
44 805
44 805
44 805
91 303
91 303
91 303
91 303
91 303
91 303
91 303
91 303
91 303
91 303
91 303
91 303
91 303
91 303
91 303
91 303
91 303
91 303
91 303
91 303
70 141
70 141
70 141
70 141
70 141
70 141
70 141
70 141
70 141
70 141
70 141
70 141
70 141
70 141
70 141
70 141
70 141
70 141
70 141
70 141
60 912
60 912
60 912
60 912
60 912
60 912
60 912
60 912
60 912
60 912
60 912
60 912
60 912
60 912
60 912
60 912
60 912
60 912
60 912
60 912
66 413
66 413
66 413
66 413
66 413
66 413
66 413
66 413
66 413
66 413
66 413
66 413
66 413
66 413
66 413
66 413
66 413
66 413
66 413
66 413
