100 100
77 881
77 881
77 881
77 881
77 881
77 881
77 881
77 881
77 881
77 881
77 881
77 881
77 881
77 881
77 881
77 881
77 881
77 881
77 881
77 881
12 855
12 855
12 855
12 855
12 855
12 855
12 855
12 855
12 855
12 855
12 855
12 855
12 855
12 855
12 855
12 855
12 855
12 855
12 855
12 855
24 44
24 44
24 44
24 44
24 44
24 44
24 44
24 44
24 44
24 44
24 44
24 44
24 44
24 44
24 44
24 44
24 44
24 44
24 44
24 44
79 182
79 182
79 182
79 182
79 182
79 182
79 182
79 182
79 182
79 182
79 182
79 182
79 182
79 182
79 182
79 182
79 182
79 182
79 182
79 182
19 766
19 766
19 766
19 766
19 766
19 766
19 766
19 766
19 766
19 766
19 766
19 766
19 766
19 766
19 766
19 766
19 766
19 766
19 766
19 766
