100 100
19 319
19 319
19 319
19 319
19 319
19 319
19 319
19 319
19 319
19 319
19 319
19 319
19 319
19 319
19 319
19 319
19 319
19 319
19 319
19 319
34 893
34 893
34 893
34 893
34 893
34 893
34 893
34 893
34 893
34 893
34 893
34 893
34 893
34 893
34 893
34 893
34 893
34 893
34 893
34 893
13 282
13 282
13 282
13 282
13 282
13 282
13 282
13 282
13 282
13 282
13 282
13 282
13 282
13 282
13 282
13 282
13 282
13 282
13 282
13 282
93 796
93 796
93 796
93 796
93 796
93 796
93 796
93 796
93 796
93 796
93 796
93 796
93 796
93 796
93 796
93 796
93 796
93 796
93 796
93 796
10 69
10 69
10 69
10 69
10 69
10 69
10 69
10 69
10 69
10 69
10 69
10 69
10 69
10 69
10 69
10 69
10 69
10 69
10 69
10 69
