100 100
79 575
79 575
79 575
79 575
79 575
79 575
79 575
79 575
79 575
79 575
79 575
79 575
79 575
79 575
79 575
79 575
79 575
79 575
79 575
79 575
7 362
7 362
7 362
7 362
7 362
7 362
7 362
7 362
7 362
7 362
7 362
7 362
7 362
7 362
7 362
7 362
7 362
7 362
7 362
7 362
97 715
97 715
97 715
97 715
97 715
97 715
97 715
97 715
97 715
97 715
97 715
97 715
97 715
97 715
97 715
97 715
97 715
97 715
97 715
97 715
26 258
26 258
26 258
26 258
26 258
26 258
26 258
26 258
26 258
26 258
26 258
26 258
26 258
26 258
26 258
26 258
26 258
26 258
26 258
26 258
33 199
33 199
33 199
33 199
33 199
33 199
33 199
33 199
33 199
33 199
33 199
33 199
33 199
33 199
33 199
33 199
33 199
33 199
33 199
33 199
