100 100
33 515
33 515
33 515
33 515
33 515
33 515
33 515
33 515
33 515
33 515
33 515
33 515
33 515
33 515
33 515
33 515
33 515
33 515
33 515
33 515
73 817
73 817
73 817
73 817
73 817
73 817
73 817
73 817
73 817
73 817
73 817
73 817
73 817
73 817
73 817
73 817
73 817
73 817
73 817
73 817
10 492
10 492
10 492
10 492
10 492
10 492
10 492
10 492
10 492
10 492
10 492
10 492
10 492
10 492
10 492
10 492
10 492
10 492
10 492
10 492
53 276
53 276
53 276
53 276
53 276
53 276
53 276
53 276
53 276
53 276
53 276
53 276
53 276
53 276
53 276
53 276
53 276
53 276
53 276
53 276
11 896
11 896
11 896
11 896
11 896
11 896
11 896
11 896
11 896
11 896
11 896
11 896
11 896
11 896
11 896
11 896
11 896
11 896
11 896
11 896
