100 100
75 329
75 329
75 329
75 329
75 329
75 329
75 329
75 329
75 329
75 329
75 329
75 329
75 329
75 329
75 329
75 329
75 329
75 329
75 329
75 329
82 763
82 763
82 763
82 763
82 763
82 763
82 763
82 763
82 763
82 763
82 763
82 763
82 763
82 763
82 763
82 763
82 763
82 763
82 763
82 763
96 532
96 532
96 532
96 532
96 532
96 532
96 532
96 532
96 532
96 532
96 532
96 532
96 532
96 532
96 532
96 532
96 532
96 532
96 532
96 532
47 670
47 670
47 670
47 670
47 670
47 670
47 670
47 670
47 670
47 670
47 670
47 670
47 670
47 670
47 670
47 670
47 670
47 670
47 670
47 670
58 357
58 357
58 357
58 357
58 357
58 357
58 357
58 357
58 357
58 357
58 357
58 357
58 357
58 357
58 357
58 357
58 357
58 357
58 357
58 357
