100 100
60 938
60 938
60 938
60 938
60 938
60 938
60 938
60 938
60 938
60 938
60 938
60 938
60 938
60 938
60 938
60 938
60 938
60 938
60 938
60 938
49 832
49 832
49 832
49 832
49 832
49 832
49 832
49 832
49 832
49 832
49 832
49 832
49 832
49 832
49 832
49 832
49 832
49 832
49 832
49 832
75 593
75 593
75 593
75 593
75 593
75 593
75 593
75 593
75 593
75 593
75 593
75 593
75 593
75 593
75 593
75 593
75 593
75 593
75 593
75 593
10 53
10 53
10 53
10 53
10 53
10 53
10 53
10 53
10 53
10 53
10 53
10 53
10 53
10 53
10 53
10 53
10 53
10 53
10 53
10 53
22 583
22 583
22 583
22 583
22 583
22 583
22 583
22 583
22 583
22 583
22 583
22 583
22 583
22 583
22 583
22 583
22 583
22 583
22 583
22 583
