100 100
49 925
49 925
49 925
49 925
49 925
49 925
49 925
49 925
49 925
49 925
49 925
49 925
49 925
49 925
49 925
49 925
49 925
49 925
49 925
49 925
68 506
68 506
68 506
68 506
68 506
68 506
68 506
68 506
68 506
68 506
68 506
68 506
68 506
68 506
68 506
68 506
68 506
68 506
68 506
68 506
84 121
84 121
84 121
84 121
84 121
84 121
84 121
84 121
84 121
84 121
84 121
84 121
84 121
84 121
84 121
84 121
84 121
84 121
84 121
84 121
29 129
29 129
29 129
29 129
29 129
29 129
29 129
29 129
29 129
29 129
29 129
29 129
29 129
29 129
29 129
29 129
29 129
29 129
29 129
29 129
68 241
68 241
68 241
68 241
68 241
68 241
68 241
68 241
68 241
68 241
68 241
68 241
68 241
68 241
68 241
68 241
68 241
68 241
68 241
68 241
