100 100
98 186
98 186
98 186
98 186
98 186
98 186
98 186
98 186
98 186
98 186
98 186
98 186
98 186
98 186
98 186
98 186
98 186
98 186
98 186
98 186
17 550
17 550
17 550
17 550
17 550
17 550
17 550
17 550
17 550
17 550
17 550
17 550
17 550
17 550
17 550
17 550
17 550
17 550
17 550
17 550
54 857
54 857
54 857
54 857
54 857
54 857
54 857
54 857
54 857
54 857
54 857
54 857
54 857
54 857
54 857
54 857
54 857
54 857
54 857
54 857
37 60
37 60
37 60
37 60
37 60
37 60
37 60
37 60
37 60
37 60
37 60
37 60
37 60
37 60
37 60
37 60
37 60
37 60
37 60
37 60
52 413
52 413
52 413
52 413
52 413
52 413
52 413
52 413
52 413
52 413
52 413
52 413
52 413
52 413
52 413
52 413
52 413
52 413
52 413
52 413
