100 100
100 143
100 143
100 143
100 143
100 143
100 143
100 143
100 143
100 143
100 143
100 143
100 143
100 143
100 143
100 143
100 143
100 143
100 143
100 143
100 143
32 857
32 857
32 857
32 857
32 857
32 857
32 857
32 857
32 857
32 857
32 857
32 857
32 857
32 857
32 857
32 857
32 857
32 857
32 857
32 857
29 760
29 760
29 760
29 760
29 760
29 760
29 760
29 760
29 760
29 760
29 760
29 760
29 760
29 760
29 760
29 760
29 760
29 760
29 760
29 760
39 752
39 752
39 752
39 752
39 752
39 752
39 752
39 752
39 752
39 752
39 752
39 752
39 752
39 752
39 752
39 752
39 752
39 752
39 752
39 752
46 974
46 974
46 974
46 974
46 974
46 974
46 974
46 974
46 974
46 974
46 974
46 974
46 974
46 974
46 974
46 974
46 974
46 974
46 974
46 974
