100 100
91 740
91 740
91 740
91 740
91 740
91 740
91 740
91 740
91 740
91 740
91 740
91 740
91 740
91 740
91 740
91 740
91 740
91 740
91 740
91 740
53 437
53 437
53 437
53 437
53 437
53 437
53 437
53 437
53 437
53 437
53 437
53 437
53 437
53 437
53 437
53 437
53 437
53 437
53 437
53 437
12 798
12 798
12 798
12 798
12 798
12 798
12 798
12 798
12 798
12 798
12 798
12 798
12 798
12 798
12 798
12 798
12 798
12 798
12 798
12 798
86 286
86 286
86 286
86 286
86 286
86 286
86 286
86 286
86 286
86 286
86 286
86 286
86 286
86 286
86 286
86 286
86 286
86 286
86 286
86 286
16 454
16 454
16 454
16 454
16 454
16 454
16 454
16 454
16 454
16 454
16 454
16 454
16 454
16 454
16 454
16 454
16 454
16 454
16 454
16 454
