100 100
20 537
20 537
20 537
20 537
20 537
20 537
20 537
20 537
20 537
20 537
20 537
20 537
20 537
20 537
20 537
20 537
20 537
20 537
20 537
20 537
42 625
42 625
42 625
42 625
42 625
42 625
42 625
42 625
42 625
42 625
42 625
42 625
42 625
42 625
42 625
42 625
42 625
42 625
42 625
42 625
84 898
84 898
84 898
84 898
84 898
84 898
84 898
84 898
84 898
84 898
84 898
84 898
84 898
84 898
84 898
84 898
84 898
84 898
84 898
84 898
13 184
13 184
13 184
13 184
13 184
13 184
13 184
13 184
13 184
13 184
13 184
13 184
13 184
13 184
13 184
13 184
13 184
13 184
13 184
13 184
33 505
33 505
33 505
33 505
33 505
33 505
33 505
33 505
33 505
33 505
33 505
33 505
33 505
33 505
33 505
33 505
33 505
33 505
33 505
33 505
