100 100
6 533
6 533
6 533
6 533
6 533
6 533
6 533
6 533
6 533
6 533
6 533
6 533
6 533
6 533
6 533
6 533
6 533
6 533
6 533
6 533
29 10
29 10
29 10
29 10
29 10
29 10
29 10
29 10
29 10
29 10
29 10
29 10
29 10
29 10
29 10
29 10
29 10
29 10
29 10
29 10
53 979
53 979
53 979
53 979
53 979
53 979
53 979
53 979
53 979
53 979
53 979
53 979
53 979
53 979
53 979
53 979
53 979
53 979
53 979
53 979
69 335
69 335
69 335
69 335
69 335
69 335
69 335
69 335
69 335
69 335
69 335
69 335
69 335
69 335
69 335
69 335
69 335
69 335
69 335
69 335
47 431
47 431
47 431
47 431
47 431
47 431
47 431
47 431
47 431
47 431
47 431
47 431
47 431
47 431
47 431
47 431
47 431
47 431
47 431
47 431
