100 100
28 827
28 827
28 827
28 827
28 827
28 827
28 827
28 827
28 827
28 827
28 827
28 827
28 827
28 827
28 827
28 827
28 827
28 827
28 827
28 827
4 404
4 404
4 404
4 404
4 404
4 404
4 404
4 404
4 404
4 404
4 404
4 404
4 404
4 404
4 404
4 404
4 404
4 404
4 404
4 404
60 529
60 529
60 529
60 529
60 529
60 529
60 529
60 529
60 529
60 529
60 529
60 529
60 529
60 529
60 529
60 529
60 529
60 529
60 529
60 529
41 512
41 512
41 512
41 512
41 512
41 512
41 512
41 512
41 512
41 512
41 512
41 512
41 512
41 512
41 512
41 512
41 512
41 512
41 512
41 512
72 673
72 673
72 673
72 673
72 673
72 673
72 673
72 673
72 673
72 673
72 673
72 673
72 673
72 673
72 673
72 673
72 673
72 673
72 673
72 673
