100 100
82 904
82 904
82 904
82 904
82 904
82 904
82 904
82 904
82 904
82 904
82 904
82 904
82 904
82 904
82 904
82 904
82 904
82 904
82 904
82 904
42 882
42 882
42 882
42 882
42 882
42 882
42 882
42 882
42 882
42 882
42 882
42 882
42 882
42 882
42 882
42 882
42 882
42 882
42 882
42 882
24 922
24 922
24 922
24 922
24 922
24 922
24 922
24 922
24 922
24 922
24 922
24 922
24 922
24 922
24 922
24 922
24 922
24 922
24 922
24 922
71 764
71 764
71 764
71 764
71 764
71 764
71 764
71 764
71 764
71 764
71 764
71 764
71 764
71 764
71 764
71 764
71 764
71 764
71 764
71 764
68 336
68 336
68 336
68 336
68 336
68 336
68 336
68 336
68 336
68 336
68 336
68 336
68 336
68 336
68 336
68 336
68 336
68 336
68 336
68 336
