100 100
88 476
88 476
88 476
88 476
88 476
88 476
88 476
88 476
88 476
88 476
88 476
88 476
88 476
88 476
88 476
88 476
88 476
88 476
88 476
88 476
2 486
2 486
2 486
2 486
2 486
2 486
2 486
2 486
2 486
2 486
2 486
2 486
2 486
2 486
2 486
2 486
2 486
2 486
2 486
2 486
83 24
83 24
83 24
83 24
83 24
83 24
83 24
83 24
83 24
83 24
83 24
83 24
83 24
83 24
83 24
83 24
83 24
83 24
83 24
83 24
99 439
99 439
99 439
99 439
99 439
99 439
99 439
99 439
99 439
99 439
99 439
99 439
99 439
99 439
99 439
99 439
99 439
99 439
99 439
99 439
1 824
1 824
1 824
1 824
1 824
1 824
1 824
1 824
1 824
1 824
1 824
1 824
1 824
1 824
1 824
1 824
1 824
1 824
1 824
1 824
