100 100
90 762
90 762
90 762
90 762
90 762
90 762
90 762
90 762
90 762
90 762
90 762
90 762
90 762
90 762
90 762
90 762
90 762
90 762
90 762
90 762
48 21
48 21
48 21
48 21
48 21
48 21
48 21
48 21
48 21
48 21
48 21
48 21
48 21
48 21
48 21
48 21
48 21
48 21
48 21
48 21
98 833
98 833
98 833
98 833
98 833
98 833
98 833
98 833
98 833
98 833
98 833
98 833
98 833
98 833
98 833
98 833
98 833
98 833
98 833
98 833
44 943
44 943
44 943
44 943
44 943
44 943
44 943
44 943
44 943
44 943
44 943
44 943
44 943
44 943
44 943
44 943
44 943
44 943
44 943
44 943
16 152
16 152
16 152
16 152
16 152
16 152
16 152
16 152
16 152
16 152
16 152
16 152
16 152
16 152
16 152
16 152
16 152
16 152
16 152
16 152
