100 100
77 22
77 22
77 22
77 22
77 22
77 22
77 22
77 22
77 22
77 22
77 22
77 22
77 22
77 22
77 22
77 22
77 22
77 22
77 22
77 22
22 556
22 556
22 556
22 556
22 556
22 556
22 556
22 556
22 556
22 556
22 556
22 556
22 556
22 556
22 556
22 556
22 556
22 556
22 556
22 556
22 590
22 590
22 590
22 590
22 590
22 590
22 590
22 590
22 590
22 590
22 590
22 590
22 590
22 590
22 590
22 590
22 590
22 590
22 590
22 590
63 168
63 168
63 168
63 168
63 168
63 168
63 168
63 168
63 168
63 168
63 168
63 168
63 168
63 168
63 168
63 168
63 168
63 168
63 168
63 168
85 330
85 330
85 330
85 330
85 330
85 330
85 330
85 330
85 330
85 330
85 330
85 330
85 330
85 330
85 330
85 330
85 330
85 330
85 330
85 330
