100 100
87 796
87 796
87 796
87 796
87 796
87 796
87 796
87 796
87 796
87 796
87 796
87 796
87 796
87 796
87 796
87 796
87 796
87 796
87 796
87 796
65 179
65 179
65 179
65 179
65 179
65 179
65 179
65 179
65 179
65 179
65 179
65 179
65 179
65 179
65 179
65 179
65 179
65 179
65 179
65 179
81 810
81 810
81 810
81 810
81 810
81 810
81 810
81 810
81 810
81 810
81 810
81 810
81 810
81 810
81 810
81 810
81 810
81 810
81 810
81 810
24 741
24 741
24 741
24 741
24 741
24 741
24 741
24 741
24 741
24 741
24 741
24 741
24 741
24 741
24 741
24 741
24 741
24 741
24 741
24 741
88 155
88 155
88 155
88 155
88 155
88 155
88 155
88 155
88 155
88 155
88 155
88 155
88 155
88 155
88 155
88 155
88 155
88 155
88 155
88 155
