100 100
96 131
96 131
96 131
96 131
96 131
96 131
96 131
96 131
96 131
96 131
96 131
96 131
96 131
96 131
96 131
96 131
96 131
96 131
96 131
96 131
53 859
53 859
53 859
53 859
53 859
53 859
53 859
53 859
53 859
53 859
53 859
53 859
53 859
53 859
53 859
53 859
53 859
53 859
53 859
53 859
97 921
97 921
97 921
97 921
97 921
97 921
97 921
97 921
97 921
97 921
97 921
97 921
97 921
97 921
97 921
97 921
97 921
97 921
97 921
97 921
34 768
34 768
34 768
34 768
34 768
34 768
34 768
34 768
34 768
34 768
34 768
34 768
34 768
34 768
34 768
34 768
34 768
34 768
34 768
34 768
50 585
50 585
50 585
50 585
50 585
50 585
50 585
50 585
50 585
50 585
50 585
50 585
50 585
50 585
50 585
50 585
50 585
50 585
50 585
50 585
