100 100
59 909
59 909
59 909
59 909
59 909
59 909
59 909
59 909
59 909
59 909
59 909
59 909
59 909
59 909
59 909
59 909
59 909
59 909
59 909
59 909
92 355
92 355
92 355
92 355
92 355
92 355
92 355
92 355
92 355
92 355
92 355
92 355
92 355
92 355
92 355
92 355
92 355
92 355
92 355
92 355
87 674
87 674
87 674
87 674
87 674
87 674
87 674
87 674
87 674
87 674
87 674
87 674
87 674
87 674
87 674
87 674
87 674
87 674
87 674
87 674
95 626
95 626
95 626
95 626
95 626
95 626
95 626
95 626
95 626
95 626
95 626
95 626
95 626
95 626
95 626
95 626
95 626
95 626
95 626
95 626
26 211
26 211
26 211
26 211
26 211
26 211
26 211
26 211
26 211
26 211
26 211
26 211
26 211
26 211
26 211
26 211
26 211
26 211
26 211
26 211
