100 100
88 420
88 420
88 420
88 420
88 420
88 420
88 420
88 420
88 420
88 420
88 420
88 420
88 420
88 420
88 420
88 420
88 420
88 420
88 420
88 420
20 141
20 141
20 141
20 141
20 141
20 141
20 141
20 141
20 141
20 141
20 141
20 141
20 141
20 141
20 141
20 141
20 141
20 141
20 141
20 141
3 515
3 515
3 515
3 515
3 515
3 515
3 515
3 515
3 515
3 515
3 515
3 515
3 515
3 515
3 515
3 515
3 515
3 515
3 515
3 515
14 809
14 809
14 809
14 809
14 809
14 809
14 809
14 809
14 809
14 809
14 809
14 809
14 809
14 809
14 809
14 809
14 809
14 809
14 809
14 809
15 363
15 363
15 363
15 363
15 363
15 363
15 363
15 363
15 363
15 363
15 363
15 363
15 363
15 363
15 363
15 363
15 363
15 363
15 363
15 363
