100 100
72 546
72 546
72 546
72 546
72 546
72 546
72 546
72 546
72 546
72 546
72 546
72 546
72 546
72 546
72 546
72 546
72 546
72 546
72 546
72 546
11 725
11 725
11 725
11 725
11 725
11 725
11 725
11 725
11 725
11 725
11 725
11 725
11 725
11 725
11 725
11 725
11 725
11 725
11 725
11 725
97 499
97 499
97 499
97 499
97 499
97 499
97 499
97 499
97 499
97 499
97 499
97 499
97 499
97 499
97 499
97 499
97 499
97 499
97 499
97 499
28 273
28 273
28 273
28 273
28 273
28 273
28 273
28 273
28 273
28 273
28 273
28 273
28 273
28 273
28 273
28 273
28 273
28 273
28 273
28 273
67 612
67 612
67 612
67 612
67 612
67 612
67 612
67 612
67 612
67 612
67 612
67 612
67 612
67 612
67 612
67 612
67 612
67 612
67 612
67 612
