100 100
69 342
69 342
69 342
69 342
69 342
69 342
69 342
69 342
69 342
69 342
69 342
69 342
69 342
69 342
69 342
69 342
69 342
69 342
69 342
69 342
3 804
3 804
3 804
3 804
3 804
3 804
3 804
3 804
3 804
3 804
3 804
3 804
3 804
3 804
3 804
3 804
3 804
3 804
3 804
3 804
41 522
41 522
41 522
41 522
41 522
41 522
41 522
41 522
41 522
41 522
41 522
41 522
41 522
41 522
41 522
41 522
41 522
41 522
41 522
41 522
59 458
59 458
59 458
59 458
59 458
59 458
59 458
59 458
59 458
59 458
59 458
59 458
59 458
59 458
59 458
59 458
59 458
59 458
59 458
59 458
36 1008
36 1008
36 1008
36 1008
36 1008
36 1008
36 1008
36 1008
36 1008
36 1008
36 1008
36 1008
36 1008
36 1008
36 1008
36 1008
36 1008
36 1008
36 1008
36 1008
