100 100
7 341
7 341
7 341
7 341
7 341
7 341
7 341
7 341
7 341
7 341
7 341
7 341
7 341
7 341
7 341
7 341
7 341
7 341
7 341
7 341
39 616
39 616
39 616
39 616
39 616
39 616
39 616
39 616
39 616
39 616
39 616
39 616
39 616
39 616
39 616
39 616
39 616
39 616
39 616
39 616
76 866
76 866
76 866
76 866
76 866
76 866
76 866
76 866
76 866
76 866
76 866
76 866
76 866
76 866
76 866
76 866
76 866
76 866
76 866
76 866
40 222
40 222
40 222
40 222
40 222
40 222
40 222
40 222
40 222
40 222
40 222
40 222
40 222
40 222
40 222
40 222
40 222
40 222
40 222
40 222
40 233
40 233
40 233
40 233
40 233
40 233
40 233
40 233
40 233
40 233
40 233
40 233
40 233
40 233
40 233
40 233
40 233
40 233
40 233
40 233
