100 100
58 68
58 68
58 68
58 68
58 68
58 68
58 68
58 68
58 68
58 68
58 68
58 68
58 68
58 68
58 68
58 68
58 68
58 68
58 68
58 68
91 346
91 346
91 346
91 346
91 346
91 346
91 346
91 346
91 346
91 346
91 346
91 346
91 346
91 346
91 346
91 346
91 346
91 346
91 346
91 346
69 743
69 743
69 743
69 743
69 743
69 743
69 743
69 743
69 743
69 743
69 743
69 743
69 743
69 743
69 743
69 743
69 743
69 743
69 743
69 743
98 573
98 573
98 573
98 573
98 573
98 573
98 573
98 573
98 573
98 573
98 573
98 573
98 573
98 573
98 573
98 573
98 573
98 573
98 573
98 573
9 890
9 890
9 890
9 890
9 890
9 890
9 890
9 890
9 890
9 890
9 890
9 890
9 890
9 890
9 890
9 890
9 890
9 890
9 890
9 890
