100 100
2 943
2 943
2 943
2 943
2 943
2 943
2 943
2 943
2 943
2 943
2 943
2 943
2 943
2 943
2 943
2 943
2 943
2 943
2 943
2 943
83 1020
83 1020
83 1020
83 1020
83 1020
83 1020
83 1020
83 1020
83 1020
83 1020
83 1020
83 1020
83 1020
83 1020
83 1020
83 1020
83 1020
83 1020
83 1020
83 1020
23 797
23 797
23 797
23 797
23 797
23 797
23 797
23 797
23 797
23 797
23 797
23 797
23 797
23 797
23 797
23 797
23 797
23 797
23 797
23 797
51 441
51 441
51 441
51 441
51 441
51 441
51 441
51 441
51 441
51 441
51 441
51 441
51 441
51 441
51 441
51 441
51 441
51 441
51 441
51 441
62 821
62 821
62 821
62 821
62 821
62 821
62 821
62 821
62 821
62 821
62 821
62 821
62 821
62 821
62 821
62 821
62 821
62 821
62 821
62 821
