100 100
74 955
74 955
74 955
74 955
74 955
74 955
74 955
74 955
74 955
74 955
74 955
74 955
74 955
74 955
74 955
74 955
74 955
74 955
74 955
74 955
35 222
35 222
35 222
35 222
35 222
35 222
35 222
35 222
35 222
35 222
35 222
35 222
35 222
35 222
35 222
35 222
35 222
35 222
35 222
35 222
25 702
25 702
25 702
25 702
25 702
25 702
25 702
25 702
25 702
25 702
25 702
25 702
25 702
25 702
25 702
25 702
25 702
25 702
25 702
25 702
48 450
48 450
48 450
48 450
48 450
48 450
48 450
48 450
48 450
48 450
48 450
48 450
48 450
48 450
48 450
48 450
48 450
48 450
48 450
48 450
10 260
10 260
10 260
10 260
10 260
10 260
10 260
10 260
10 260
10 260
10 260
10 260
10 260
10 260
10 260
10 260
10 260
10 260
10 260
10 260
