100 100
80 886
80 886
80 886
80 886
80 886
80 886
80 886
80 886
80 886
80 886
80 886
80 886
80 886
80 886
80 886
80 886
80 886
80 886
80 886
80 886
15 739
15 739
15 739
15 739
15 739
15 739
15 739
15 739
15 739
15 739
15 739
15 739
15 739
15 739
15 739
15 739
15 739
15 739
15 739
15 739
80 459
80 459
80 459
80 459
80 459
80 459
80 459
80 459
80 459
80 459
80 459
80 459
80 459
80 459
80 459
80 459
80 459
80 459
80 459
80 459
71 251
71 251
71 251
71 251
71 251
71 251
71 251
71 251
71 251
71 251
71 251
71 251
71 251
71 251
71 251
71 251
71 251
71 251
71 251
71 251
89 995
89 995
89 995
89 995
89 995
89 995
89 995
89 995
89 995
89 995
89 995
89 995
89 995
89 995
89 995
89 995
89 995
89 995
89 995
89 995
