100 100
76 969
76 969
76 969
76 969
76 969
76 969
76 969
76 969
76 969
76 969
76 969
76 969
76 969
76 969
76 969
76 969
76 969
76 969
76 969
76 969
94 936
94 936
94 936
94 936
94 936
94 936
94 936
94 936
94 936
94 936
94 936
94 936
94 936
94 936
94 936
94 936
94 936
94 936
94 936
94 936
16 604
16 604
16 604
16 604
16 604
16 604
16 604
16 604
16 604
16 604
16 604
16 604
16 604
16 604
16 604
16 604
16 604
16 604
16 604
16 604
42 795
42 795
42 795
42 795
42 795
42 795
42 795
42 795
42 795
42 795
42 795
42 795
42 795
42 795
42 795
42 795
42 795
42 795
42 795
42 795
85 444
85 444
85 444
85 444
85 444
85 444
85 444
85 444
85 444
85 444
85 444
85 444
85 444
85 444
85 444
85 444
85 444
85 444
85 444
85 444
