100 100
54 935
54 935
54 935
54 935
54 935
54 935
54 935
54 935
54 935
54 935
54 935
54 935
54 935
54 935
54 935
54 935
54 935
54 935
54 935
54 935
11 145
11 145
11 145
11 145
11 145
11 145
11 145
11 145
11 145
11 145
11 145
11 145
11 145
11 145
11 145
11 145
11 145
11 145
11 145
11 145
52 301
52 301
52 301
52 301
52 301
52 301
52 301
52 301
52 301
52 301
52 301
52 301
52 301
52 301
52 301
52 301
52 301
52 301
52 301
52 301
63 749
63 749
63 749
63 749
63 749
63 749
63 749
63 749
63 749
63 749
63 749
63 749
63 749
63 749
63 749
63 749
63 749
63 749
63 749
63 749
93 65
93 65
93 65
93 65
93 65
93 65
93 65
93 65
93 65
93 65
93 65
93 65
93 65
93 65
93 65
93 65
93 65
93 65
93 65
93 65
