100 100
53 600
53 600
53 600
53 600
53 600
53 600
53 600
53 600
53 600
53 600
53 600
53 600
53 600
53 600
53 600
53 600
53 600
53 600
53 600
53 600
98 492
98 492
98 492
98 492
98 492
98 492
98 492
98 492
98 492
98 492
98 492
98 492
98 492
98 492
98 492
98 492
98 492
98 492
98 492
98 492
61 452
61 452
61 452
61 452
61 452
61 452
61 452
61 452
61 452
61 452
61 452
61 452
61 452
61 452
61 452
61 452
61 452
61 452
61 452
61 452
49 242
49 242
49 242
49 242
49 242
49 242
49 242
49 242
49 242
49 242
49 242
49 242
49 242
49 242
49 242
49 242
49 242
49 242
49 242
49 242
73 279
73 279
73 279
73 279
73 279
73 279
73 279
73 279
73 279
73 279
73 279
73 279
73 279
73 279
73 279
73 279
73 279
73 279
73 279
73 279
