100 100
79 566
79 566
79 566
79 566
79 566
79 566
79 566
79 566
79 566
79 566
79 566
79 566
79 566
79 566
79 566
79 566
79 566
79 566
79 566
79 566
7 299
7 299
7 299
7 299
7 299
7 299
7 299
7 299
7 299
7 299
7 299
7 299
7 299
7 299
7 299
7 299
7 299
7 299
7 299
7 299
20 428
20 428
20 428
20 428
20 428
20 428
20 428
20 428
20 428
20 428
20 428
20 428
20 428
20 428
20 428
20 428
20 428
20 428
20 428
20 428
96 483
96 483
96 483
96 483
96 483
96 483
96 483
96 483
96 483
96 483
96 483
96 483
96 483
96 483
96 483
96 483
96 483
96 483
96 483
96 483
49 935
49 935
49 935
49 935
49 935
49 935
49 935
49 935
49 935
49 935
49 935
49 935
49 935
49 935
49 935
49 935
49 935
49 935
49 935
49 935
