100 100
52 438
52 438
52 438
52 438
52 438
52 438
52 438
52 438
52 438
52 438
52 438
52 438
52 438
52 438
52 438
52 438
52 438
52 438
52 438
52 438
73 149
73 149
73 149
73 149
73 149
73 149
73 149
73 149
73 149
73 149
73 149
73 149
73 149
73 149
73 149
73 149
73 149
73 149
73 149
73 149
17 817
17 817
17 817
17 817
17 817
17 817
17 817
17 817
17 817
17 817
17 817
17 817
17 817
17 817
17 817
17 817
17 817
17 817
17 817
17 817
25 317
25 317
25 317
25 317
25 317
25 317
25 317
25 317
25 317
25 317
25 317
25 317
25 317
25 317
25 317
25 317
25 317
25 317
25 317
25 317
78 278
78 278
78 278
78 278
78 278
78 278
78 278
78 278
78 278
78 278
78 278
78 278
78 278
78 278
78 278
78 278
78 278
78 278
78 278
78 278
