100 100
70 610
70 610
70 610
70 610
70 610
70 610
70 610
70 610
70 610
70 610
70 610
70 610
70 610
70 610
70 610
70 610
70 610
70 610
70 610
70 610
16 616
16 616
16 616
16 616
16 616
16 616
16 616
16 616
16 616
16 616
16 616
16 616
16 616
16 616
16 616
16 616
16 616
16 616
16 616
16 616
72 720
72 720
72 720
72 720
72 720
72 720
72 720
72 720
72 720
72 720
72 720
72 720
72 720
72 720
72 720
72 720
72 720
72 720
72 720
72 720
30 153
30 153
30 153
30 153
30 153
30 153
30 153
30 153
30 153
30 153
30 153
30 153
30 153
30 153
30 153
30 153
30 153
30 153
30 153
30 153
90 566
90 566
90 566
90 566
90 566
90 566
90 566
90 566
90 566
90 566
90 566
90 566
90 566
90 566
90 566
90 566
90 566
90 566
90 566
90 566
