100 100
24 888
24 888
24 888
24 888
24 888
24 888
24 888
24 888
24 888
24 888
24 888
24 888
24 888
24 888
24 888
24 888
24 888
24 888
24 888
24 888
86 801
86 801
86 801
86 801
86 801
86 801
86 801
86 801
86 801
86 801
86 801
86 801
86 801
86 801
86 801
86 801
86 801
86 801
86 801
86 801
36 480
36 480
36 480
36 480
36 480
36 480
36 480
36 480
36 480
36 480
36 480
36 480
36 480
36 480
36 480
36 480
36 480
36 480
36 480
36 480
26 157
26 157
26 157
26 157
26 157
26 157
26 157
26 157
26 157
26 157
26 157
26 157
26 157
26 157
26 157
26 157
26 157
26 157
26 157
26 157
98 710
98 710
98 710
98 710
98 710
98 710
98 710
98 710
98 710
98 710
98 710
98 710
98 710
98 710
98 710
98 710
98 710
98 710
98 710
98 710
