100 100
60 1000
60 1000
60 1000
60 1000
60 1000
60 1000
60 1000
60 1000
60 1000
60 1000
60 1000
60 1000
60 1000
60 1000
60 1000
60 1000
60 1000
60 1000
60 1000
60 1000
68 713
68 713
68 713
68 713
68 713
68 713
68 713
68 713
68 713
68 713
68 713
68 713
68 713
68 713
68 713
68 713
68 713
68 713
68 713
68 713
20 881
20 881
20 881
20 881
20 881
20 881
20 881
20 881
20 881
20 881
20 881
20 881
20 881
20 881
20 881
20 881
20 881
20 881
20 881
20 881
71 941
71 941
71 941
71 941
71 941
71 941
71 941
71 941
71 941
71 941
71 941
71 941
71 941
71 941
71 941
71 941
71 941
71 941
71 941
71 941
75 57
75 57
75 57
75 57
75 57
75 57
75 57
75 57
75 57
75 57
75 57
75 57
75 57
75 57
75 57
75 57
75 57
75 57
75 57
75 57
