100 100
99 632
99 632
99 632
99 632
99 632
99 632
99 632
99 632
99 632
99 632
99 632
99 632
99 632
99 632
99 632
99 632
99 632
99 632
99 632
99 632
64 890
64 890
64 890
64 890
64 890
64 890
64 890
64 890
64 890
64 890
64 890
64 890
64 890
64 890
64 890
64 890
64 890
64 890
64 890
64 890
24 286
24 286
24 286
24 286
24 286
24 286
24 286
24 286
24 286
24 286
24 286
24 286
24 286
24 286
24 286
24 286
24 286
24 286
24 286
24 286
20 852
20 852
20 852
20 852
20 852
20 852
20 852
20 852
20 852
20 852
20 852
20 852
20 852
20 852
20 852
20 852
20 852
20 852
20 852
20 852
31 639
31 639
31 639
31 639
31 639
31 639
31 639
31 639
31 639
31 639
31 639
31 639
31 639
31 639
31 639
31 639
31 639
31 639
31 639
31 639
