100 100
84 88
84 88
84 88
84 88
84 88
84 88
84 88
84 88
84 88
84 88
84 88
84 88
84 88
84 88
84 88
84 88
84 88
84 88
84 88
84 88
64 594
64 594
64 594
64 594
64 594
64 594
64 594
64 594
64 594
64 594
64 594
64 594
64 594
64 594
64 594
64 594
64 594
64 594
64 594
64 594
8 294
8 294
8 294
8 294
8 294
8 294
8 294
8 294
8 294
8 294
8 294
8 294
8 294
8 294
8 294
8 294
8 294
8 294
8 294
8 294
71 742
71 742
71 742
71 742
71 742
71 742
71 742
71 742
71 742
71 742
71 742
71 742
71 742
71 742
71 742
71 742
71 742
71 742
71 742
71 742
98 524
98 524
98 524
98 524
98 524
98 524
98 524
98 524
98 524
98 524
98 524
98 524
98 524
98 524
98 524
98 524
98 524
98 524
98 524
98 524
