100 100
87 348
87 348
87 348
87 348
87 348
87 348
87 348
87 348
87 348
87 348
87 348
87 348
87 348
87 348
87 348
87 348
87 348
87 348
87 348
87 348
73 597
73 597
73 597
73 597
73 597
73 597
73 597
73 597
73 597
73 597
73 597
73 597
73 597
73 597
73 597
73 597
73 597
73 597
73 597
73 597
34 397
34 397
34 397
34 397
34 397
34 397
34 397
34 397
34 397
34 397
34 397
34 397
34 397
34 397
34 397
34 397
34 397
34 397
34 397
34 397
3 875
3 875
3 875
3 875
3 875
3 875
3 875
3 875
3 875
3 875
3 875
3 875
3 875
3 875
3 875
3 875
3 875
3 875
3 875
3 875
95 238
95 238
95 238
95 238
95 238
95 238
95 238
95 238
95 238
95 238
95 238
95 238
95 238
95 238
95 238
95 238
95 238
95 238
95 238
95 238
