100 100
49 990
19 982
30 328
66 233
62 876
31 569
70 104
13 12
46 34
70 909
72 179
2 51
65 720
19 781
64 594
9 411
43 157
98 671
4 374
56 626
36 57
78 314
56 742
28 170
89 300
26 92
30 90
90 161
69 575
84 498
16 4
73 557
18 398
11 242
59 605
73 849
92 547
33 304
78 284
35 3
14 199
18 852
16 608
44 947
18 588
5 864
85 376
97 1004
32 270
46 184
28 864
45 131
88 452
55 709
82 40
32 805
72 180
14 329
63 460
1 703
52 778
45 629
11 193
16 643
4 475
42 4
8 443
39 3
62 939
51 112
65 463
42 12
74 752
34 465
26 568
11 741
74 587
24 129
25 299
78 475
10 19
64 357
41 285
66 584
80 759
50 816
47 102
18 165
77 544
6 763
95 41
96 766
57 758
60 72
14 7
43 191
4 172
87 1015
53 150
76 326
