100 100
18 622
16 94
78 648
30 464
40 296
27 71
97 1001
25 962
26 482
27 572
2 297
38 159
15 304
93 77
84 1000
78 223
98 122
38 484
69 479
62 330
33 156
7 861
76 594
34 370
8 302
7 783
84 241
6 576
78 411
40 222
6 818
1 790
8 721
15 873
93 241
24 363
22 640
30 442
84 591
69 943
53 204
37 220
38 846
56 397
64 578
82 965
19 114
46 935
85 444
86 258
67 707
6 734
71 332
77 566
39 291
19 92
89 699
44 542
44 191
68 370
50 292
52 587
71 295
54 251
8 225
4 165
57 315
3 681
27 44
92 29
36 357
54 1022
95 161
51 579
55 494
29 609
59 580
20 634
4 335
36 1004
16 690
82 48
49 308
49 350
85 40
35 665
98 1021
36 378
74 814
1 711
81 598
3 964
63 743
24 672
43 805
30 26
40 307
6 159
43 747
8 165
