100 100
45 650
53 673
85 978
57 179
24 165
16 462
100 546
52 156
63 350
95 271
22 287
98 573
50 596
60 463
90 917
96 631
5 931
81 255
94 582
22 549
23 283
98 64
55 107
10 730
70 66
27 490
40 84
56 275
78 968
77 975
77 286
27 974
62 57
77 514
10 1023
28 358
69 460
36 803
29 902
69 346
14 266
61 144
63 30
37 549
59 1012
76 960
92 248
46 828
66 182
21 989
79 205
44 594
49 872
91 390
53 546
34 847
42 744
9 638
52 961
76 933
62 30
31 341
79 521
49 369
6 887
35 131
22 266
61 736
68 996
20 515
44 102
27 571
96 213
62 11
58 445
33 233
27 127
49 742
81 348
93 127
64 492
53 168
35 394
62 580
81 759
84 231
1 735
27 599
48 243
45 798
77 903
19 631
91 690
90 722
34 419
82 981
91 18
4 372
73 286
35 421
