100 100
88 437
2 194
71 1020
82 417
6 365
40 140
43 502
3 992
75 867
5 592
46 1023
61 72
33 22
84 970
57 724
83 202
61 243
22 64
49 869
36 73
54 517
60 420
76 366
66 195
64 188
32 529
10 377
88 268
35 524
78 424
64 606
48 628
92 723
89 403
53 744
4 127
65 815
3 350
45 1020
50 928
71 393
30 355
1 329
70 793
27 91
67 182
85 661
34 767
44 536
98 776
100 339
15 123
92 129
98 182
94 203
35 56
32 635
100 175
88 553
13 186
18 7
65 762
59 469
66 311
32 613
11 832
29 1015
66 48
31 336
38 554
7 904
54 173
85 235
9 95
46 185
59 790
12 608
92 138
7 688
45 939
74 431
98 465
39 377
20 249
48 620
87 578
67 286
37 490
2 156
41 917
87 212
28 101
49 408
6 860
57 906
81 616
90 920
62 563
19 689
79 630
