100 100
5 133
8 112
21 959
70 324
35 849
28 293
62 952
33 515
56 12
17 133
38 830
97 450
18 463
54 546
63 967
3 213
39 669
33 823
4 392
8 74
80 264
98 791
33 247
48 913
20 660
77 696
12 938
44 265
7 608
84 1
95 872
10 630
72 420
37 839
78 722
16 989
11 301
67 314
23 445
7 308
84 515
94 834
64 625
98 391
82 432
82 111
48 357
20 380
68 123
36 776
73 448
62 626
4 879
45 479
32 46
79 639
22 691
13 382
12 473
21 366
92 51
83 280
58 5
95 794
70 569
85 548
64 206
91 862
31 993
53 973
54 181
38 320
90 89
36 980
21 339
59 60
26 808
70 351
67 374
98 272
53 183
31 749
4 733
49 192
85 892
19 149
86 897
77 541
40 437
15 172
58 631
59 710
35 608
63 625
46 93
19 195
53 859
34 431
5 447
85 132
