100 100
62 927
62 927
62 927
62 927
62 927
62 927
62 927
62 927
62 927
62 927
62 927
62 927
62 927
62 927
62 927
62 927
62 927
62 927
62 927
62 927
74 980
74 980
74 980
74 980
74 980
74 980
74 980
74 980
74 980
74 980
74 980
74 980
74 980
74 980
74 980
74 980
74 980
74 980
74 980
74 980
2 583
2 583
2 583
2 583
2 583
2 583
2 583
2 583
2 583
2 583
2 583
2 583
2 583
2 583
2 583
2 583
2 583
2 583
2 583
2 583
92 887
92 887
92 887
92 887
92 887
92 887
92 887
92 887
92 887
92 887
92 887
92 887
92 887
92 887
92 887
92 887
92 887
92 887
92 887
92 887
3 905
3 905
3 905
3 905
3 905
3 905
3 905
3 905
3 905
3 905
3 905
3 905
3 905
3 905
3 905
3 905
3 905
3 905
3 905
3 905
