100 100
95 27
95 27
95 27
95 27
95 27
95 27
95 27
95 27
95 27
95 27
95 27
95 27
95 27
95 27
95 27
95 27
95 27
95 27
95 27
95 27
65 63
65 63
65 63
65 63
65 63
65 63
65 63
65 63
65 63
65 63
65 63
65 63
65 63
65 63
65 63
65 63
65 63
65 63
65 63
65 63
12 94
12 94
12 94
12 94
12 94
12 94
12 94
12 94
12 94
12 94
12 94
12 94
12 94
12 94
12 94
12 94
12 94
12 94
12 94
12 94
62 209
62 209
62 209
62 209
62 209
62 209
62 209
62 209
62 209
62 209
62 209
62 209
62 209
62 209
62 209
62 209
62 209
62 209
62 209
62 209
80 817
80 817
80 817
80 817
80 817
80 817
80 817
80 817
80 817
80 817
80 817
80 817
80 817
80 817
80 817
80 817
80 817
80 817
80 817
80 817
