100 100
33 701
33 701
33 701
33 701
33 701
33 701
33 701
33 701
33 701
33 701
33 701
33 701
33 701
33 701
33 701
33 701
33 701
33 701
33 701
33 701
53 574
53 574
53 574
53 574
53 574
53 574
53 574
53 574
53 574
53 574
53 574
53 574
53 574
53 574
53 574
53 574
53 574
53 574
53 574
53 574
63 839
63 839
63 839
63 839
63 839
63 839
63 839
63 839
63 839
63 839
63 839
63 839
63 839
63 839
63 839
63 839
63 839
63 839
63 839
63 839
30 350
30 350
30 350
30 350
30 350
30 350
30 350
30 350
30 350
30 350
30 350
30 350
30 350
30 350
30 350
30 350
30 350
30 350
30 350
30 350
63 307
63 307
63 307
63 307
63 307
63 307
63 307
63 307
63 307
63 307
63 307
63 307
63 307
63 307
63 307
63 307
63 307
63 307
63 307
63 307
