100 100
47 549
47 549
47 549
47 549
47 549
47 549
47 549
47 549
47 549
47 549
47 549
47 549
47 549
47 549
47 549
47 549
47 549
47 549
47 549
47 549
25 80
25 80
25 80
25 80
25 80
25 80
25 80
25 80
25 80
25 80
25 80
25 80
25 80
25 80
25 80
25 80
25 80
25 80
25 80
25 80
43 401
43 401
43 401
43 401
43 401
43 401
43 401
43 401
43 401
43 401
43 401
43 401
43 401
43 401
43 401
43 401
43 401
43 401
43 401
43 401
90 841
90 841
90 841
90 841
90 841
90 841
90 841
90 841
90 841
90 841
90 841
90 841
90 841
90 841
90 841
90 841
90 841
90 841
90 841
90 841
93 524
93 524
93 524
93 524
93 524
93 524
93 524
93 524
93 524
93 524
93 524
93 524
93 524
93 524
93 524
93 524
93 524
93 524
93 524
93 524
