30
3 1 52 618476668
328140504 622656074 265311796
10 2 33 633736682
194354584 306155954 204922290 665319111 62335746 95531659 277553528 999897749 504075955 79748635
20 4 26 91631544
879004834 80246528 258178624 229143582 177929896 616161230 323434534 136376666 831441404 581396256 354738602 712533838 826219953 673355846 255249850 949186861 697681324 203147357 344498023 478610670
24 7 51 874729807
247029344 908684446 842488530 729334293 939431999 280430286 572355081 221653303 411197458 365085920 840905070 944092094 855735177 613059556 991577707 402002887 842098723 99773518 169540831 962728439 73614875 518190301 415072469 92681075
28 4 58 964677518
861814874 2721047 317049235 495836629 233287181 815381358 749083315 431745910 830356353 494243014 240487473 115241252 265161659 439776219 199158549 627199730 968517498 62102462 923074488 761354448 938879084 609281615 356878947 424102466 499222792 893524334 489689770 916944189
2 1 16 890195616
987381575 816954941
25 10 7 78342471
253953694 800061192 423832514 864280569 308645484 67848045 427362541 597699527 538747314 243919607 85153640 672630081 238379607 909081608 792284266 776606235 956265827 967554722 726012076 610075716 410652377 321443575 928841437 646896112 434396746
9 5 29 371834241
265425607 621757951 425695883 847368372 355514622 189433270 784426859 654471805 528886257
8 4 33 515553799
382225568 450055092 678499448 258664410 880164003 208547701 748987580 635016887
6 6 54 212126909
155485272 779224957 6465747 438006728 286708977 401414216
16 12 42 637008445
321727077 308586847 998004589 383028009 969142245 624695365 707542888 925947017 3052015 125764938 410987315 413022793 733029562 189718642 94306792 789861315
18 13 20 41129563
889513255 857347758 409486129 30749922 853466075 853562678 11705706 71331891 732627245 293993149 465235686 135940191 118511032 593793081 937824539 23645404 804048087 352695283
16 14 42 613142554
295627283 783491519 335083008 392424010 131228467 897137994 911912520 704893183 611098945 532970979 895430183 479287872 216267315 381961097 98094811 234979662
26 7 57 235480651
79183261 626980104 751242408 115026470 776272351 864439938 650620935 939551724 774939956 767720509 504890547 778189453 930463585 961894152 4359733 559262119 222192005 328221951 145714050 953058837 468617774 940480132 987020122 659308013 893423247 867063127
22 3 32 539619834
942365420 98792503 299064157 846069542 81409431 111690110 809448245 926306005 860715773 874188919 34757851 747861137 834447437 107896620 702776057 928271816 477937042 307315461 75501227 814826118 836548702 805106060
9 3 56 79003848
677497039 778743594 38680535 646142735 442886165 605109275 230102170 163130231 806866195
12 10 5 686925218
768366969 347953454 341858317 666838628 383083210 748476767 523276965 917176207 680995306 286366784 771664748 160790966
17 8 51 618321495
136331068 65296164 261171607 430745715 460430900 560090866 524012806 379273328 808040645 108093819 291778356 494285230 852510593 157447084 541783142 737859805 174936735
2 1 27 496270793
480384464 811795989
2 2 36 129706278
598036850 461343777
26 8 53 938292178
345515936 390938530 736439629 20814345 913876732 67971731 20628712 925639793 261215744 104165789 337334201 749160324 161413027 454248937 217958890 356512024 621180269 581410070 523905674 141277643 24130024 258676477 788191430 804465666 599129369 763294304
14 9 40 978321831
673345700 447335379 784425845 412065448 137812892 258413976 44600156 527213536 636185384 685071176 319132787 223366048 147414995 907893066
28 25 14 288543863
796145545 775723940 870472043 98173676 963382035 294301245 893861266 790262773 371530660 673687430 659848894 420600770 500285262 502953069 285516886 568159776 172147870 939349294 803414214 972886121 84490454 504453958 562980310 266761422 177877584 559609273 849417926 477964704
22 13 35 447478535
683053480 189043012 783971600 627914168 505132152 751815285 365147193 865149113 361854456 188521845 836144547 169282235 952194403 764101289 281243721 726231200 968765365 427941453 6786324 180133263 933872328 5637209
26 20 13 154349043
150719052 676369886 426760770 276629683 573313849 252616814 978864751 868982843 951815281 799086866 379026578 528949026 437181711 534410576 860181683 960029351 852375638 572958275 43287141 903503318 840077136 65376262 61845212 510199229 395901392 474049304
18 17 34 283967408
174493826 182333265 960770419 627294792 752802898 97720277 118112532 206747738 169685417 739829376 946984675 867196297 248665294 458565981 982965112 611928265 26463482 87023533
2 2 30 779817557
410313175 8101178
21 7 9 464939375
945118490 611835754 294153221 950559794 82473073 338310442 196680482 493922674 1257626 552389953 753809664 518047226 52637163 637540332 84337060 855928496 926928732 855172401 200451159 519619875 270427968
16 10 26 281153192
509886465 208210348 60180188 938045985 248520137 170987465 160221668 428061810 84597806 400988401 739188202 752781319 651641138 433778381 555370345 267479752
17 3 16 481996510
379366992 690872291 410322493 670857652 75779895 336967307 263632558 929817973 681190426 322553596 490170324 907027298 501803200 860447642 191114597 350245618 197376145
