30
30 21 35 654972113
996950431 522825458 961821573 446827264 582143782 720328285 27503226 956394338 758520904 719510594 833020320 600741772 696139251 830005738 841554166 557629919 791427763 702486008 484754571 384737372 778683832 39719822 943250771 944654916 85120855 20833643 741714562 68818262 576929690 190691669
30 4 35 128242319
433336614 378048294 706640599 618252712 330453977 3574957 547116498 363622036 341233349 286504629 792856421 72330099 218442564 539285740 242153927 186926273 943192500 337158075 637176761 748003464 532635346 479113223 469956483 318563497 442773841 221309407 658607154 542011916 49536495 299844914
30 27 7 881988619
891833389 367845603 634424295 392382294 389641942 258471030 681705107 488706800 664951066 425324247 236761797 355096718 384147526 712632577 723335037 220397523 241331807 494677271 937175292 399733860 600028511 976390897 884851744 380754664 282173070 166204417 480863062 226627180 320818752 332663170
30 11 8 828247991
306325801 867575205 310559537 868595979 21868327 913733660 700596017 497435458 183630416 935077926 230996662 749605624 471099054 974086704 663799008 897901678 361208731 200691690 429483245 667302616 149206093 76800826 736725985 369364220 923795217 756985035 36052403 901180021 71111272 701608867
30 12 4 842842553
955835579 475304231 954613690 730422083 565997114 913591322 423446443 79492908 330487057 678786628 875096781 849259661 180058199 483396607 292449903 650520773 298342693 399860142 927359831 155507972 382024260 679667412 126819524 865720970 310858048 289730112 376524885 963363279 809449292 845614298
30 23 24 538675219
95203921 760306903 694711083 103268849 56016844 439692172 244236475 693543868 578479589 880411032 724255197 888726140 549896631 491995984 147858022 717992305 47975972 568092734 631574099 800672045 913701011 726290074 93379241 118505144 173446607 153053966 392911990 85095353 538350311 691125969
30 19 55 945801721
99445400 456826370 738112319 799042017 307861961 141475170 691942183 521001119 205590484 856991119 280693877 479622245 962269145 114940573 608739795 38927200 74649083 615207469 29582650 252975971 502276686 999086223 714183110 11032392 501893128 915559545 6701392 383808597 645710890 770645979
30 28 6 947408471
805330658 296881426 103133112 919969858 503862237 493049463 273249864 395595622 460511000 961598159 455520967 527456261 311421512 348883128 125911717 787534550 489252195 503026572 640410387 552493578 141915190 436473869 534922883 238728297 462293705 877630353 229835142 316585311 499226844 561973412
30 24 2 467869307
66358321 129354343 57787708 147691995 600110678 84955793 831731029 769051757 326019000 139376776 934475891 390626205 316435325 623352075 553195388 107616637 255739192 486958802 118162517 215521110 417260662 187219287 587637217 653758027 986234893 924837548 278743484 501129502 123125784 537452806
30 12 41 617902823
26848635 289928856 449671088 417024734 27559846 801654790 94091492 56218926 664029005 597788765 955077720 533135417 371101710 71619583 247137275 805929500 191885572 369502123 701605011 379951941 147982671 89743098 16277709 464336081 334048598 724021257 115235679 86890990 531482780 843485950
30 18 2 647151487
730402886 416241257 761126816 984922574 433616512 581360428 798031647 472864187 580324759 523873690 62676192 183035480 810804947 243708320 264199634 89392799 625882949 52990314 915240107 236688376 38406349 626235690 902642997 801930448 380151785 459032041 656496993 233101268 332313337 396499778
30 1 40 837413377
763649916 399958502 402340555 435893077 764920510 238094864 495519093 346850064 771730623 649879917 560254586 843473380 460355361 819780685 742544936 519129094 765246590 642862012 280477942 996078809 299380512 189217641 173503348 62449282 774020390 48692112 943035765 981056072 151611124 776868432
30 15 12 898174369
146955277 41617550 483758843 936241078 751068412 428494063 87909537 912527632 255201982 202524063 702746173 695860202 964354178 498815981 942570105 9502526 537476109 520304520 279234575 570162921 791848712 780406492 429665059 409453929 400583129 657010942 956502486 602360227 452165420 574869078
30 24 3 891681133
45972286 258597639 927912467 936870444 278958763 382617407 229096008 126414644 45698491 57893403 39904124 247088308 473922753 119533301 342597543 864864587 791095589 175549631 422333949 85283821 493516821 980909007 406130914 560917297 955991417 418874081 813105559 536305294 548181448 72569498
30 7 11 236554207
399982181 335199634 717102578 256954600 756697422 3399361 393805820 431069557 754603130 473575442 559519564 764778600 651670276 195784981 934252313 226358862 518369861 863377691 563818668 371702003 369882438 756189546 237207138 278481639 362719447 190103658 877124168 472279895 400409413 33770716
30 24 18 427152773
751159312 469735631 266730473 919614385 488911159 980872287 461462256 616058749 618659084 841902285 11687288 299922521 701132494 757373336 159667308 195565071 182375310 751188954 717794250 383322792 8773844 471203815 716763776 609399987 219362738 891995085 430107575 302357017 279202972 344829008
30 8 44 421752109
379378309 859950499 222311780 734135607 995105382 32464053 85643066 667548340 629154881 937972446 843893696 387055418 874941259 605544497 984621802 34565671 290737825 616665297 170659396 24772483 651485392 444126145 377764945 456470033 690682523 104963070 604925407 181810613 727464506 121784834
30 21 58 379192753
144206337 556041206 669989070 357045768 2557731 101976510 308293954 736561782 385749718 389275569 525574964 648889378 50819483 201966396 214823921 282513428 94565242 878099051 530547230 654607833 737152931 556791109 266173403 284500988 36452395 784775214 19273239 753749351 44455502 464344330
30 18 33 347646427
677375175 543157066 471005789 3884424 470260496 3230966 472707965 554900557 316226442 413848003 514663100 589290133 971961685 535526137 737757362 727845465 870078381 994628249 72556297 826221602 919088898 659865654 123203631 199231479 753862572 813342107 126692369 818735625 576597449 477598151
30 28 47 871610929
825656202 623619534 956545762 304639411 902619781 799577225 322294673 464807518 169577582 560118058 445394587 117510752 687056160 86186070 596984176 690896856 825402273 526497567 994695476 459136134 382446569 838949674 423984880 506458180 523252965 399295703 165036270 252715777 422017408 966281135
30 7 52 308019227
920294538 923978872 986987432 946214018 154281589 52565679 230252123 788191208 305816175 601374142 329418723 429368844 775652526 440836942 292182393 242459343 863698984 135471120 873273584 100443215 815009707 561117881 781095174 382902739 996916581 827653178 862583031 879212886 384759760 43934338
30 3 47 625117511
496292650 177968006 317863076 43519957 320021100 365263087 885269130 84208131 422474116 746206414 558214615 292482471 742226282 644362747 810651471 339026310 509227756 153434567 435843211 8982127 797641658 856400369 989970787 69351161 818340763 61405176 401264191 961351992 982113079 169199919
30 20 18 431907239
345774711 849354957 472111271 110203018 495898552 52426417 687158499 884117845 411784139 406579651 500816545 114232979 779964137 277875849 941919550 621918726 795477502 970503514 411411341 125010853 766065669 112299955 656022474 958811093 323511827 678262369 980762860 323431340 981202016 187124569
30 27 14 356482081
573942048 799415846 374158294 271230844 293529028 21843085 68714314 926347633 53893845 540459738 106392561 40795742 609131834 555385336 650680363 664081796 452968375 899094415 130000437 533803080 639465159 740355817 587687848 548684865 92603638 80830718 932779328 385897291 668738309 999718187
30 22 1 854975119
966931994 730792106 143779934 867829277 788978482 415500372 616833537 453248740 219500932 918808061 219939808 796791579 212578447 921974796 563832601 47931973 211709956 557708087 552119718 835690264 953364305 624287180 272900330 970251875 281563645 531730412 895842496 871741544 30016031 77894661
30 21 45 332936539
649944004 149189364 645199661 993921257 135636399 823827468 226128151 323308917 442770018 426215527 655003844 6805734 767284184 432507333 328593300 247156818 426866760 404031646 881597086 652532606 998240373 584637804 909643508 857250955 880039299 390059918 510766813 921203966 719499126 582441542
30 15 18 689988953
141980411 646721909 485438634 540573417 158388080 722150543 21334209 12255921 342673159 214747057 738930207 662093740 359481469 252028165 73491230 387300307 96347511 248797912 649980787 149430641 663692195 79469062 519995703 28269034 438372984 661014019 217647572 235940020 803283328 765047754
30 26 56 17511277
817358228 265906882 379611542 132048594 902355162 36190901 442459376 446575211 805656102 143099214 287118772 626412246 222745986 673344795 623991570 795518499 383559341 199235882 813493548 776305799 831174122 270971750 80574232 73504235 455963471 973424952 397353041 863918571 586129828 704472307
30 23 50 11448521
3122995 480220492 949798451 33510408 544515279 808922049 500043762 166193805 854310567 809269017 760522136 689229449 788488147 841727732 500315205 811765054 409659390 594135075 862272224 313320250 683316466 104087073 688705889 466040007 567667425 859801457 829390367 363932859 501581402 341268564
30 25 28 719425919
945273024 48278611 270025345 443612717 438950267 486803710 646468787 407565609 438054651 883682743 269531581 690253718 257134752 843533466 824212242 534508314 841296764 291048338 933744983 735164018 748998067 308850725 84306511 787879554 100490651 880727010 512044804 212522453 957137241 599318090
