30
30 23 2 51523969
596839746 397894548 437656581 659629030 340441974 899931066 341399698 24270615 119528607 287462903 529882242 719554202 484561763 913284633 316459910 815830005 651673045 599139804 119857691 12024625 696399535 797807691 370879938 410796514 570122927 208185909 339902404 436184366 723788003 840137854
30 1 16 674469653
731682769 352582693 94591589 323495929 24990 388135259 966117684 840052542 133976577 421309146 349103912 223420748 809759619 359941199 250003559 168948359 64398725 880067289 562022681 240895051 565544728 981578656 650639848 892216889 519111200 85987663 226446930 311938616 18217471 758963441
30 28 26 461017987
816659819 332191411 958917768 573975798 967535983 428031618 153017494 97652897 199170200 930053326 865804824 991831032 652059570 110922747 40400792 902344350 559632180 198264288 738391788 925359478 749232679 373147296 811012229 273301981 472708471 280891915 770069640 142831589 518241718 217477275
30 30 6 211498967
548197082 93310471 723811573 770565292 603473322 314584102 900490975 388526183 629337896 320389975 714937278 589212836 859401975 580521979 852139914 996207043 625332326 413777746 685701123 996260536 56806425 897044886 290677047 399092199 66032765 312896375 573257744 253878262 471444694 954407574
30 7 8 273089497
567789101 226231573 471970801 100545844 619937995 708315432 93156760 488806345 686400193 44474693 141681526 328594763 509030839 370647777 62039687 671658595 334129154 514148240 852622260 18229318 80126675 100413365 407146007 746703581 710934924 722544407 464972702 575750424 194111286 37333061
30 29 40 555897353
869577141 741323332 580520989 718776458 647424062 718497706 168271894 358939649 542138601 79817148 238267465 328921650 448838551 441220822 490338403 874528441 114313837 654307228 234378955 450603535 974543767 758941382 635783500 404698720 431160546 621656321 668783058 620851062 579378140 758633374
30 18 52 6145591
505647256 999635804 955098947 487387460 749817490 660460210 995870860 948902561 162246677 983690600 490378784 281798511 27281113 722585636 772951863 342165519 753375024 88427289 559155001 289606086 109880777 130339513 484714659 415493783 729764001 609234663 716370890 709369652 204197474 647837879
30 19 12 390944903
929851650 8650389 942762960 962841839 453194865 827834751 911261651 657999311 919921106 905616674 48603955 13907406 229506423 675529687 284563740 951380995 111119005 931636873 524949748 738794311 16301913 674939473 367489329 98287067 588514799 561069992 905188807 670481002 501269223 329642588
30 3 14 291799417
596367647 620962027 237507637 495693382 374518502 308367758 442884764 992417626 981670281 658017614 832144721 745714126 764301704 930000729 674953887 606502048 403318182 771927892 679721243 842067491 455333815 700125480 31662446 413905458 624445647 685522750 356116586 704734698 367688802 785438137
30 2 7 252007633
816718030 326617690 409462098 292841748 118846001 939993288 327742934 127537934 979169084 761099831 4484266 341345671 988201253 73787355 583612448 898429062 205851187 311113200 577844011 121178428 121084629 578578965 592056443 446930188 419772732 116760311 748347866 56227762 94663974 383437210
30 9 55 762200453
638724226 727892223 46825204 930528774 321644473 244135865 958436410 222899883 125076030 376907251 151065313 132618373 310045430 241925062 294093494 57738953 724651393 506816873 867480152 815588374 977191496 868792686 908805487 83084978 757252701 210922914 60096402 387284916 901795995 630292773
30 16 38 553603559
729958012 524255564 365642288 472163995 84339909 676139253 81878297 199324772 257495693 18935222 902986207 264094340 459720744 536727238 829339314 224569164 495552407 269139164 685550645 690136773 699748155 890700916 784161772 722098094 316371441 927846229 344649482 512071647 757581692 220012183
30 27 30 171665459
275173225 280290780 576619182 512482469 581527658 565341257 308287101 991043456 776027293 758227644 644291645 440228872 545959624 162098201 405029092 705388887 352636716 811671296 125630083 562056745 385707100 506000546 707805450 726443975 122567511 575793343 556105709 814620195 365510379 778707276
30 4 11 508459037
332566800 116093735 11408851 957300732 179801511 927336070 140240599 365047988 916342167 311567381 519628982 391370044 475350629 954419129 602187236 584739577 233397471 833167046 212237084 564823452 380589044 934235523 788632520 8610075 568929637 80822485 755716463 161932992 406827598 835734725
30 1 32 399119951
658430890 430162832 567963499 128531251 576578085 642722617 530368161 219871929 831622881 579625655 176608228 560915569 512881919 598461388 109785655 841203390 395521740 196988209 591722610 207888616 990885002 689774829 543131305 923779753 922136153 969475185 252769925 453013533 164092837 321524269
30 7 20 361955849
314137841 458092493 949863655 421808154 557124514 213245620 858165262 217185918 9606499 230275820 560277495 230111550 316282523 526059908 602131959 468804578 517273405 180139423 174965459 949605877 687783071 522304919 560842257 159843933 792695084 13355663 896540317 837419031 778755252 353136827
30 23 52 264848551
958051939 404358988 203120979 873613266 20030154 107678002 181162608 790170146 396206277 601490551 332080728 57499979 425853479 409717098 718966560 344819672 91643881 963722254 906378571 268428800 619018641 19559363 595165914 777561300 48386159 692373753 414563526 828652319 661367844 875505499
30 22 20 528583823
212876981 723460094 684837353 650291439 612384492 137491669 27287852 86186575 715301653 119273007 404584580 734743368 139061404 323031830 452880497 790209228 746096585 655709420 567591693 541007465 962920197 488041688 819474546 911099796 663994836 78218277 750281018 236647208 372308112 169524526
30 8 39 240272809
700738733 227407027 656425382 244876484 776735507 912744430 889121770 539033997 413260166 473147769 647823425 353157900 804244654 899325431 209620148 974225958 93001394 327685279 238825629 345578782 1273777 426677097 695824984 699596012 621569235 226958744 267031989 567905109 353537122 592622739
30 13 32 613283257
382910878 697938592 491978090 953130889 490692962 578096354 63243343 388391862 567349642 494267915 219423848 279059351 112775450 230865881 919181011 851172138 57665187 681136828 105221 767311722 59668176 958801945 874651931 909855796 427303894 645370192 110732609 743288243 393329997 85353625
30 21 5 122487277
144327505 206125138 521679878 61116938 923493593 158199867 154185487 799617292 978734340 143492991 268047509 136788838 746468705 392957939 499138419 36169108 33838828 390979302 924823692 440252760 846792627 248716848 55372513 996591426 429752977 822743168 546102971 387706020 381614429 358008436
30 19 15 115900231
645522550 880786411 801644430 837109433 920213646 155726384 531235107 758234946 463460575 873857010 298878572 590188873 301700273 816798982 229551577 777424001 496930804 116159426 888729227 581573115 419402604 157562007 897341624 539777726 169399043 32948571 823406069 541182749 816833018 324259551
30 8 22 538087313
654917286 26797797 64896889 155670918 181761827 716034379 685956177 52272967 760807624 256334561 996525496 871974748 596625635 59360897 739557412 151357390 446957319 924382079 801157813 535902695 630266177 217521360 982366013 763270741 163491335 745583533 611144708 801369215 997820379 691556052
30 25 37 183303623
987741659 511042590 458990847 987563471 673023412 296407436 148119611 240990394 469248157 621454092 379503318 472456974 809242406 72703517 871539491 26546544 188989373 330056842 697435874 800614729 920643044 456814302 531116156 257529945 327458542 653451666 387186548 339144428 982193823 311667047
30 12 54 17387333
307709283 250632010 319301234 548749159 695728061 555316898 312082530 581169823 689527473 665101989 385321149 581745392 970157119 523513374 811192581 749930293 114341579 568411440 139989639 237784433 300582846 959457045 644194974 120472567 589307944 244374443 72398198 17709016 464195753 373728792
30 8 37 377016551
242150478 469212598 311410879 252245593 243946084 107687608 10027160 344175441 114223285 673748268 76559806 174491240 940704026 282985333 720365006 371451845 178601308 106815752 947812938 745364685 713817161 175988442 161159646 738782538 158150900 29853512 583005700 413740103 772665053 718742817
30 7 12 147686893
326148303 935100945 563144992 130850757 237217112 429025802 674193372 968081546 631654100 6153296 386837976 602065777 730740293 883958079 109413321 915018625 95051390 456759403 138367207 672907123 897331447 530845691 320996514 36542496 722318199 685870538 53958697 741277848 161273309 54611457
30 19 60 243076379
870493192 958738229 130417476 421708573 447091612 892705603 226650206 152829381 484879495 283764446 124306975 576708700 282828811 570669171 380348169 11527251 783212860 397178906 675604655 8695439 176049730 352935801 238939753 783104988 86350019 480068014 122160459 710090035 134165576 211818844
30 25 51 653816459
852064998 269635719 271414393 508723861 132049786 110355177 906980002 493908811 935810785 804637542 931204342 614008925 545220260 312915674 812005476 605168725 900628471 521401989 863377517 409764206 331735408 535499570 546777270 922538287 16743268 530270369 254582508 435597026 44627794 992940524
30 25 30 183385219
641204564 200581630 345714162 212068717 348593344 458032724 344399259 227510527 415656259 666876607 179065479 845711660 137520415 27573468 725642030 703995251 86710797 594377769 612699317 232415099 66084363 714005191 50765278 581931284 16199492 857410379 38212443 63819853 153569567 516031263
