30
30 27 36 917704231
475254840 830640191 485521865 999419847 743656736 767602946 182142274 738886155 256129633 897144782 455023148 933952842 553303290 426700448 826508275 618309327 991366 938635752 922379561 695940877 915454551 784270560 679769024 975930551 76699757 34259126 149430751 470643675 474746454 188693282
30 17 8 857151971
235434209 916972021 483746902 162762365 593720756 354211603 929065386 794706163 426176597 688608259 447212550 583020814 425821987 726341880 345199347 397389846 854533892 231691256 226172494 574311019 797431093 39727520 427512301 374178862 269727732 585680070 857637339 400352587 938315799 403362032
30 20 31 794732551
254082596 324703832 169594425 319395114 201662893 988751421 503171580 595337759 608788702 678838369 720269695 263109919 396636827 534859133 941391534 392524211 27515815 709577140 483000089 368609248 192534446 656929670 730372462 728798934 363921409 475506934 200792358 314278398 99022105 811844253
30 15 48 31384421
750234751 970491869 11848997 722274040 473763393 100780475 278931937 966048378 284475858 336598067 442678598 496825594 629146463 573628274 409518926 583842472 581819878 798272259 461252873 457832636 759026151 573284501 684309104 191994964 555167034 440304997 829232699 794445335 561804757 902982867
30 2 17 145841693
462509148 808536691 766749489 609897422 195550016 924282120 574823309 96532810 656570217 773806055 289665530 252238746 629497556 779300122 757597744 83992272 113901622 796687049 316562850 622103056 34268184 897948049 346750818 789423778 287113120 29556215 116610155 691436051 659662497 715779131
30 6 3 803712209
64218267 673965518 351312071 110716391 325700076 522505887 668630196 286835340 179506926 766195446 178266322 842740161 287880166 198117425 846077379 110981913 390704716 98808626 964066490 26612557 430873425 210969794 337544690 985600034 755785019 84056973 881427652 504011701 629546581 896021398
30 28 15 799699649
726491443 497909864 401415396 20129509 719430220 965320007 451644181 530929 84737555 334432127 42917341 347347921 775838705 799245890 105555165 874205475 35153625 158751428 420528161 758497587 59371629 987378158 502894031 901011033 841793693 825315324 110034348 581639978 176611670 368392212
30 10 3 181664933
524648895 758454566 173474108 7807843 194615459 598776441 400013435 491689638 731350760 856872024 876276786 233871082 910380656 611658760 992362887 143564769 959271737 112540321 276829116 591463201 150825859 188561345 774572026 981419064 285666627 876231002 782312515 361823270 167419 295085779
30 4 31 106890211
700701702 486391912 217318160 343979760 993188175 897559295 77950571 268936933 862577909 101364772 609792692 813013488 64739332 719246392 37597176 440865283 177214256 733779628 712070368 125444062 20844121 574481726 875727310 592269346 374192310 113951174 958093680 497080537 473946472 597136108
30 16 7 331817311
637699803 513131889 624500942 816954703 974228700 529101165 654193673 936287821 329361969 140572800 619283627 625332662 75036966 377467608 950273307 988966640 10858541 947628328 182983415 836583831 586621125 115257802 732607176 184763466 701223603 773302190 138193365 957565514 849283696 23235625
30 21 31 837660509
562864812 427994656 924500614 810290747 575179781 66319729 123351192 786371970 862237945 117722962 360637402 163019054 617953845 342086483 1834773 138366092 146064802 651137031 422214861 813818719 834018542 336486288 482694178 820298297 775078948 390383024 822510846 904209905 863502993 651692592
30 20 60 75316493
60946132 734198130 359622625 690948435 289377694 550425832 14134235 216250544 155268672 131893982 313467238 457786500 984589395 808627524 472208238 306101999 406679773 677223610 59485088 752396227 729418205 661806232 474261620 455499798 932514667 285733069 821565720 482129249 987497474 673107712
30 5 52 762014713
21914521 273824639 212727913 37134870 293369970 118783757 807883694 970549722 817009110 689334420 129496667 621853296 674608306 572547803 501533984 435368560 189584168 598507486 960551933 456669313 174756238 707618909 660814858 545512894 385020008 541887585 136501730 409742358 205177589 940543986
30 13 21 378712153
709529325 977738260 102061745 853154756 108599649 392961432 83043637 286676395 649204489 16632587 113561350 214864691 679623053 945817987 46159583 686365857 443294396 923143585 468373507 943927506 373863934 577096423 802696717 329769627 330270710 106260033 774361459 449405361 341248276 533986079
30 4 25 338118959
606685904 273115708 187054654 382455617 318233627 769673027 420873462 967159670 95858487 275604578 189054414 744713170 112463346 767549869 505932749 703110623 896136085 618275864 650305724 995554012 798985069 25976514 867285525 877856058 840304879 413437351 100807426 949492276 148126668 367568
30 20 18 27258347
890947158 455736068 919387099 441197118 290389392 636140182 229573962 809092552 614227154 489380441 238330773 806149852 674212140 745158684 824231704 237116533 624056817 11399454 50707157 449990683 355269852 757682288 597205542 59938400 47915140 236408049 546479494 746006876 277702672 758521478
30 26 55 477146701
633185179 86132740 362644006 270347920 109553310 495752662 222721012 430701490 983188885 286086010 812929576 317460287 599994632 5189718 563106705 575291681 92472810 928226170 102804870 103522555 791455740 831187068 364932740 735744093 86234340 275564255 210758980 45298225 230654902 454942940
30 5 40 605083477
912102855 798421752 209952364 9624000 50833992 369931503 161247725 211637814 486874801 203197142 55085400 797730906 573667852 87709806 366675175 818917823 507567967 987799654 485286549 215538152 381485011 54177052 687981765 344177350 473045647 698274991 474792567 810073112 247283426 303401977
30 25 14 716964407
237329039 186636636 686881748 341160998 249067425 132417656 546171411 502159483 317569114 614793481 295768046 885481488 852175535 430248753 785557041 515863477 231773153 115605673 683414194 531647685 169618675 374751738 55390464 878135993 689388220 143182081 430490222 813176029 982758039 859730132
30 30 23 545878651
536325894 481643463 523304894 547809636 660641669 706602945 232917767 89006827 710210893 965780851 853120876 989232211 880466589 104972822 162867931 476016306 875633899 403606417 753013730 486886785 254759188 783704805 372999643 674912776 749346000 377259668 28113252 166192701 371963645 347150284
30 8 37 484970537
840276668 252418209 769385995 619863117 943295976 596827836 240774771 354341460 626387579 542913795 905940548 173183539 181825402 193587535 552399039 561509209 549735329 264704905 439589001 928641 780385814 719973597 616614010 840041745 252004402 412101313 684036885 212787563 972693258 745319944
30 28 20 43661401
327307738 361093726 232707130 780279656 724235651 659670562 727587927 217957031 388934059 54056496 68942466 814408032 633926631 741844358 207997292 654689043 387361886 129699826 594517739 940301639 363733602 651753115 47986380 550645113 290445810 700573454 300985984 61773828 694969654 7344724
30 1 14 487181431
894510516 44968086 307035806 588422919 594579517 987369812 285322151 349934335 930437228 476028617 791954464 597485832 788797782 758595542 841676611 90502182 593440401 901149608 421642891 968549290 410406426 366781228 633939491 39250266 84704444 248270083 973440276 186179321 447968496 802403818
30 1 19 345777059
263503990 660536843 936923203 834019148 171512065 661785471 321958207 204121031 636245334 798279215 682858509 237748155 414638551 341333840 179748996 359759236 520475608 486119876 535145119 982220090 420854947 150715059 28710715 347589461 25466640 178408175 564101111 547772136 546863656 607902720
30 6 28 959905363
282818169 479182108 308341533 372899582 242268617 788439490 523806511 607076937 69633337 902220962 384044948 522574403 441117460 530456587 651757071 107712800 343919342 978271667 797409105 130130593 525285120 849836124 30980092 811472087 60152930 361645137 689356127 551523585 881006396 900663317
30 28 20 68947657
620361591 317430594 632475453 688112325 535024885 163806970 124398728 805869257 762415266 170768721 660130116 291248377 207709139 359817645 658320621 589029008 283865991 36891955 333822110 939451955 899852191 31427162 654913630 10531805 244347629 849023019 776677752 241916318 121009579 309200739
30 23 35 726143023
759201527 671682358 350171806 642389091 541538753 438125994 312921157 329677590 389639965 81474784 433169342 726113987 876024094 116456661 323292179 761169872 85972333 155588190 861722632 52865023 535046708 137905697 17490254 986239498 501968073 874732483 756539332 759961127 351513963 229527567
30 18 35 591715793
17243809 349578519 58973278 108868722 634093112 144388926 170951457 572321974 332923072 651564197 515753876 990822048 515309148 470879796 988418086 290439322 660472701 120833935 180505016 858692470 801717076 404197373 377487439 366163526 897987488 962151984 100107258 26992104 786714791 398429567
30 21 15 296871203
679943339 829626327 412879296 143963396 998550649 835631870 292430499 102353635 722579227 122483539 125858567 533746256 583505939 790123022 835853951 515225020 921551421 290601209 349634392 698253091 565629381 227458521 586165235 176748273 154640072 472545348 706610222 926558399 258015070 854945222
30 15 57 313885933
986920442 307289166 756522972 797906644 437098270 293591899 989874984 249856207 445701568 754001146 129885251 5692119 814883248 861709718 138660748 16996303 796141307 699221443 105512058 149520417 481927622 288156182 405178943 282181758 381239681 489980215 497312729 282300221 380619145 474486334
