30
30 30 60 565058089
220415366 484900247 377460447 108250082 470979254 643677262 255805533 545749737 987256681 874777966 263222800 793298469 125555713 592596527 287832712 882840533 550867275 920591228 18408109 361980485 16531224 745999541 843484912 684746250 22813883 2170917 325617877 289830894 633463841 782766599
30 30 60 534950021
370045601 764985268 238751764 973932721 320559963 362951679 364516888 566331927 282338389 785273899 711275343 901709852 741061091 125710213 388997108 665075455 819266690 462520907 675042293 874332424 934406782 538429042 778324735 938380587 801124252 169690339 591711360 864703909 150302970 597466737
30 30 60 916859209
945550979 247158684 488431531 982124347 877516199 513041913 546988404 282078702 944492689 153719831 417322685 751585432 73027948 191101393 695091448 251017153 802269836 974077660 890360642 467951424 672328422 104621806 829842280 527474934 745045254 116393494 899437854 481811447 757880139 611681211
30 30 60 887124667
523557784 360178744 382010409 384640612 217006968 262492232 584942167 821894643 396141035 289601396 197552919 795594550 225344191 916104208 20092769 303898044 342301820 260423130 379036547 186801154 600642386 216699256 534963477 583225753 924751270 479567906 738664020 909076779 606397612 519168933
30 30 60 872672333
516288776 435277376 790884834 34510317 944300323 871256562 822308886 827626520 953406037 333059945 561025044 737619726 994522805 169963874 749562501 481825168 573868252 342240189 687820657 956698444 225366959 205322319 137363133 845106035 675864883 933423861 713119413 979157599 183345965 407499763
30 30 60 954129707
344353572 86286437 220787049 374382805 181536665 942780843 896409436 273794816 992954689 810275228 414044526 21576221 409180318 604951484 910420944 749046899 458799160 770789606 995830433 885609352 821628829 960490392 281142335 778678354 680878088 204294647 839653853 83255065 411543534 695926869
30 30 60 777313301
568824153 770816750 523411529 308987462 850139431 58480617 775864001 699439458 853119458 7570032 540244734 352038067 566428671 34006040 657637807 720465144 3166576 395087432 461484699 185156632 661420807 981969738 378065367 885265688 828667873 817494136 854916652 607787685 666607615 862642731
30 30 60 955540459
111861089 424729073 916787410 904607947 751504133 86284059 797603003 991079582 444943978 922565274 328935446 248500997 978776855 826850343 859829192 163271781 4567785 911936555 64611597 736976669 317834401 383791256 417314267 791299867 399944232 935519785 471213672 405575138 797904511 222790998
30 30 60 933093067
409929534 514465735 647250506 855410618 203527490 25583148 174748714 745253905 23882749 45634065 42002181 132066955 938208352 314345792 531631324 11505123 563265736 867322860 277741356 288882931 658096563 570951641 583723796 940252397 130825837 829853148 730144327 519387286 744807625 114270923
30 30 60 930766849
254685581 916240259 874919215 839548649 310780333 435281037 109775662 1255370 997826245 811944157 561232591 635430423 544985305 57121830 435099695 691425349 247965350 552309317 945043341 859549404 339076994 920566285 367290864 624403756 547666983 85698553 141005690 740485045 737642473 709122955
30 30 60 135362431
158815619 315055060 415721723 350697072 721534669 487429299 665205421 536587680 178245581 206721809 55204958 816421682 414750172 633486644 400970727 936998046 20933023 688653781 712327592 25084447 733072363 609652090 863929847 159460976 928692717 481998681 613659729 813401713 659012239 677783875
30 30 60 34744913
370078608 993221142 920104263 531882127 776007691 817303786 290131299 113677739 542989431 95797776 568405230 137909068 625181361 419113932 684805671 612594316 252681441 595010128 294758236 306856060 44726240 586097195 471071600 365252962 180676961 196107685 369668925 127694879 558504062 675494748
30 30 60 219969133
410126263 137222505 457294757 636799486 927220840 500083980 205892503 250343200 308079773 167073141 388454533 641258878 985308261 15856039 944470612 624536465 983033420 434140906 701329178 163312488 113406293 320258099 389755854 894210468 348514639 485035350 580973756 508688736 306076838 852231427
30 30 60 19334239
861071445 426677061 15649037 670282606 856587805 732871130 691385185 232680571 760507491 482891977 38147891 507262510 404725659 199216655 842528523 459017260 808223085 636814449 309935432 619526400 524095669 819422966 337364479 481732848 438341302 680184241 657517826 745774842 361353940 81322691
30 30 60 205604783
656805056 271554464 593521108 708531426 977205279 795024668 113484178 249018570 3625537 115759035 33141379 114635780 294163432 315680654 719221477 116017216 58685813 956584541 217309921 455341905 71045675 678715457 284509479 951547693 433603434 278019337 648066284 243637688 77877782 999405109
30 30 60 353183627
4637335 492565651 29539515 425777612 610583631 566930918 890494459 929191853 284681955 951144081 54876681 641384044 112007180 451875076 588723516 976590365 875410943 923362565 305593190 982121953 723513238 537858264 95007153 131956680 536575150 182359651 172044583 983132642 442270140 573827230
30 30 60 862407223
800637191 735501135 130562725 509781485 160138414 58706241 726840718 474436087 958147615 417181415 687207746 329688172 378140555 181562877 709054169 472861351 491875730 34523222 252452544 58949244 447666904 754720999 956451122 811868147 616330927 455301431 204044454 185362952 96587682 254085229
30 30 60 770733371
543512700 915269852 356820210 752586805 211469714 831743635 285747069 682529438 576612678 618205625 665593950 515427073 716729097 846888806 567607715 152275787 218188177 502131752 600811838 27299373 1602044 596653582 700339043 505068240 426713106 913464649 600792196 149421311 71209148 96944735
30 30 60 745895771
630947515 51167603 496149757 614745066 308890492 177238879 518372196 929140545 995151708 360526734 308152751 150681942 986103111 748440418 4545826 825738208 535286946 264513343 328769814 469002176 371982965 944074814 691323369 132740985 936520338 527797040 253812554 317057765 215578912 836101961
30 30 60 482428933
285961432 931674813 258034817 103113813 54407127 700961467 423375736 872960288 472501734 319748773 373380708 624855818 451291607 734731040 714693866 459905268 200034010 255047966 247477685 916910196 102508702 280461587 153427654 550853534 800127474 236544829 937306325 608400793 874460393 630847493
30 30 60 841551823
32875371 683921264 752453619 77725032 106886461 442352761 564394775 78546584 170440522 370346801 276408996 986747190 301586101 240758529 156586825 635569460 719421259 989080924 141809145 898052278 363209860 310853360 174652630 113518429 920577136 17537702 340715859 984529350 423109884 657605038
30 30 60 768804149
476966896 319580917 262160311 920262577 947368500 879944469 47594369 114297050 6181059 40431028 56659245 672243070 996199790 715436436 691505768 983992411 462493559 596266115 728518205 324325497 871146232 79311421 807113209 440443391 683946186 877508258 659287362 138912176 614438965 206627276
30 30 60 228438587
542220808 956057072 476975134 12888250 882678508 377051150 609195524 226050397 39101800 154493866 563028894 596089195 287420420 24053840 657983156 699820816 571196231 696956492 401173208 695848051 266751754 433142877 468681253 991508573 174905035 84670202 176570581 586699221 278779650 824477267
30 30 60 467120983
398096258 777768882 304450746 605972615 305080743 255518880 762570375 320218299 109216966 80853502 944168309 967924724 918065999 375357984 684538832 21184406 508868767 328547294 184653286 457617256 873678173 98305817 582553621 159115715 153104487 506917926 859143637 479031296 187842346 721152670
30 30 60 423907519
929351313 990905698 381530562 946224589 84982672 855698053 77478519 715176116 67955193 262425891 1093093 769232274 320850102 790455846 108609459 167219385 796379093 848017129 749241085 862008028 414657171 377183009 48569764 583316689 983130088 233393636 894963409 500017792 969026721 149887882
30 30 60 149000251
372780278 101229691 579270428 84459471 152329037 716947636 100590513 550027452 447664877 658588549 344257595 244318609 788380036 127656372 595927700 432338666 300284909 24516347 147539817 561972708 813807594 364782450 345381627 450627639 20845431 118500120 871834260 830620990 522745858 901030517
30 30 60 713863399
323123386 597283591 783854607 614912164 990230856 196121065 677325172 601095662 517380932 398525618 280931381 648239367 730890877 701283463 525963199 444924059 426059134 642748240 982685425 801943820 351871004 872587404 687272863 112215418 905256228 545513434 989385154 524234585 702486302 36036328
30 30 60 366570047
931341388 362775257 908935632 594208652 426193737 623633726 423044690 350299918 988925526 836162231 100902030 936034916 786142791 58572492 497884840 677865428 218940379 55180294 227085181 979338095 103919663 6916792 682050671 789942617 532948620 283184783 284361434 793755818 616364105 57361002
30 30 60 495022597
159026844 978424763 145561376 816779121 209216805 184016229 170053151 320397758 763843293 649929018 253795037 257020523 829789100 372642709 392714590 813923690 140769327 2420985 246536769 202204053 507800934 627428876 784601120 758376353 626784563 977860059 779018126 793731302 910952847 659269198
30 30 60 94898243
601653038 472461753 857826949 120824450 108842787 285384986 168388597 743119092 706505916 90536469 694500394 436040387 529387745 258777299 602985285 48894073 808644982 642892768 722565833 72427212 441362423 21939693 622318154 147784708 681895504 618671676 265110858 121427449 458889176 757029279
