30
5 5 7912 52181310
487292229 595359252 191832352 184736772 503437876
10 1 8025 153136200
495199612 989025851 418633569 979788145 240143329 312415110 77792977 601605469 215533935 17332095
23 17 677 630561540
832254059 901908306 996426284 709633543 153871945 766900384 765055734 197291249 340807616 27524537 125651891 520416855 646174944 764251661 346966357 922331375 100444649 143832355 981749429 49916631 958956264 911533197 715135224
2 2 669 295156590
827810603 513583394
29 11 3812 23404590
28061337 539818307 272515839 439709764 842639237 370458004 965562233 872397494 633874720 308146349 829951007 442903033 671256270 331932742 152843091 759303667 706823865 115027111 676317260 430631029 407432347 894945092 761676486 284299494 713944204 621474408 268181311 425882441 665412483
16 13 5862 333000090
846210903 320831113 465312628 127051078 102218005 312497330 748892295 68227489 133483875 357931744 205925002 116124359 353415145 840334710 367178193 162737083
22 5 9920 423668040
783019638 625470436 705874935 717687184 830068889 752138641 375053743 762341498 881714238 542602822 254395804 211930822 876681731 152034600 684150934 225121482 76018570 135517832 813449814 278588278 845836425 757980471
5 2 8817 43269330
936144995 817946044 1836794 161451206 716197279
30 26 9111 494515230
794512331 802487515 684048747 787884386 685248783 661203553 501598362 180832051 705268988 914565878 746793347 927769918 797628502 392279893 616750205 963374424 146755793 919489209 132196722 479610997 444483957 614248636 648025281 335599650 392930761 76291111 886102352 339642972 705785928 879279073
8 4 7043 676723980
246192590 815591203 71462950 322967416 17127076 618039722 299850046 812880970
10 1 6414 399629280
989491293 891131113 438654704 421965349 849951770 480889561 320801214 817102100 917725030 474097341
14 5 260 807892200
424488689 639613462 8057203 800704866 715037592 614374328 140718676 527702270 288160533 894767569 559002209 9651020 209510144 712195398
1 1 4900 776656650
165402139
24 3 1746 466372830
62001816 977402844 131971112 171494412 292199865 353967886 23484955 67692131 105772010 308936807 437130014 971755147 782917188 663807422 105656604 931039337 739469842 969527882 271355294 775901036 639260131 160856623 840452208 48933257
21 6 1026 402688110
964923197 990754726 582698119 876653985 639161494 604211079 292197170 636169924 544003973 439047082 463315451 57698227 564710321 399411162 607653514 768452145 948976303 136549061 478317408 622982729 57356609
3 2 4425 554370300
144812838 895910009 569094488
3 2 1638 268478970
119404066 418930681 445512721
1 1 8686 470535300
120594361
14 3 6929 736825980
460719382 553198592 644252463 803331002 114565349 315583600 643681517 848316920 930990878 191828836 76308036 223106697 999780735 144790472
14 10 2973 885415140
743694346 193743779 202922419 300002168 635554568 311106936 958888105 928360971 875453242 361516059 330629109 95854466 796584574 366270907
27 8 3816 881570310
733533135 326316732 991982567 181284491 577766479 992132252 241858687 501154041 917272692 221142986 83977428 377507144 28578359 14772358 302693257 859410369 140814573 130728071 142713401 426165828 568287671 111381000 970723150 238952739 178629954 829653815 921345408
30 27 572 212223810
557187460 66600463 957205346 150221162 970745156 916008763 717312597 718464915 308594981 605550677 520889539 862964841 17228383 619184828 873847344 117839533 420650979 665733403 804185752 288563036 183076979 538661372 528235419 677449475 272785678 391324320 979151432 320146667 287674671 652158099
30 18 1191 841375170
891303458 243467116 864584716 481986883 747324918 222697867 109080041 991351126 50510315 552997060 816205911 663713958 585543664 529245781 853526306 552226125 626175677 203482590 354062496 210108959 937646059 287746768 927698198 99521932 990823156 50255699 169614056 790355754 549213972 98183359
29 7 6112 754354350
822222325 37041193 215921 337209961 747866157 466816306 205759242 909355067 293990058 888566891 876816310 598922297 58277226 206367596 950556369 504598465 527946765 685910825 821120440 86011236 662391814 536942156 218219631 172889573 457312685 396314584 300259 80981477 823052445
20 7 5 640407990
798273253 659759084 527364738 840419671 319861373 601111362 608098452 38322227 897081713 957924164 276146955 193952269 578657125 151812982 169658431 330204188 164195541 409686499 31661289 752756042
1 1 8627 438373740
221876341
3 1 1202 327928860
824304992 710737453 186508925
16 2 3323 371976960
234352013 501206838 187393207 97565241 343890855 429607810 564679913 985645895 462219645 343422367 430266086 973843280 310832800 558918016 678602186 706550763
28 10 1688 284663610
614014665 190393493 63405528 910332589 457242092 208199222 26202034 351447933 442132956 924643507 531889094 755959748 574355341 59758487 102786795 504336440 240381311 54094152 43998444 240981140 504032533 426925646 291177582 776896614 169254848 30838545 384737958 127070188
4 1 1609 45359250
874936502 227923660 351828751 43234341
