30
30 2 60 870865477
191051564 605014537 417336904 49495626 292469390 224688833 805610289 555229770 728470337 480371835 555576362 275468492 169922182 221955684 105710769 760405052 451044101 473367096 514528198 460196447 358239042 76680278 365838355 103150519 735433445 653266791 1514294 716111287 537747875 949346216
30 2 60 755856527
473037390 282111243 67688497 119857454 761925606 259165338 170566452 2951240 167520007 54338643 991904715 888618157 494384266 708227145 8161703 39681991 252748106 841869760 14230216 448719260 427555524 765740610 20855667 562081164 439138754 974200346 154274120 395698500 465383460 335284783
30 2 60 236072171
182700990 26156018 844183587 936285103 767652334 603653629 382395873 630058938 534131030 712814937 130103262 455351072 130421146 266772169 542680616 152996869 728304588 381900231 848829439 387135796 391616776 298436689 455259700 510087761 714258843 78132359 127462262 145265210 547455561 603116044
30 2 60 236817637
199530268 363146005 591289267 650166239 515257722 200990885 195174568 619945664 504983481 475159823 523065393 236907506 953373311 639869842 856870619 877543215 83091183 107548082 212203891 443792939 986798311 606244351 352419967 906340059 843426466 20333365 373803837 303947516 322001737 914758433
30 2 60 461702671
463839440 833886397 434534264 259891900 312428997 345148324 377707274 96147922 940322470 385480925 544133592 496282699 429508582 806023184 574898883 661328831 960299694 306078003 871663824 577825306 111612844 891588918 494875878 833858511 398964084 304704136 322931271 470069626 316799790 63873951
30 2 60 755944627
693772368 59969934 960620450 252427852 290664732 562560170 288357448 250112320 572560057 614448882 602798030 586805772 254381418 701656931 734196127 422658161 595188655 937447667 154993206 833152974 878894547 128077015 222087099 695655304 743340890 819442569 743059032 69993926 402877441 936009648
30 2 60 6678391
681990877 268648733 670744999 174020831 384015734 225465590 408731066 917140354 258645387 712330125 129215115 395652700 328407564 521309758 457445183 759321308 777012156 114015816 8051860 263993709 108936480 130746410 273138492 466249414 362796584 110396067 912583746 303146758 412971983 992316578
30 2 60 27193289
977196511 551375050 707745955 990907364 847169930 415241518 215749921 411623314 247059048 603741899 626392985 885486702 768604129 259841414 853544896 725497389 327005745 754271296 110549963 517975002 971892078 708187352 810818377 827015957 404538876 583796872 734999974 109270477 899731952 308867925
30 2 60 569095189
719214220 828412273 516474057 863951711 654412109 128037748 947632858 834471124 658117187 408487957 798976753 255427761 458310911 513866526 200774061 599999354 238373563 17122860 423474082 253000201 697652446 90538231 413202170 472902820 851642980 708993892 520487827 262696005 172508177 717105946
30 2 60 220433069
474843468 316857216 993531097 518785836 40179480 320603542 239188402 882337848 78234077 131508883 846741201 595904485 825618275 190206031 150114813 649757101 87688233 305991369 458311871 686375582 483515237 164163904 411833771 221020021 955470475 503714767 361659912 48855289 774755583 296223183
30 2 60 802543477
631577025 56095080 752023033 718927652 621214503 868734216 934710365 993620871 962625177 613041629 758538263 230680556 989026724 419998026 92240073 338267884 831912803 281373048 351344872 945430575 518099598 576122908 875837107 900920467 416640684 846812910 171387296 563443151 723736582 909100887
30 2 60 770848433
123521518 655517510 821133079 319236862 919640327 830505754 197209407 131094401 428937283 416927954 652641022 742161624 214399894 986222430 881239025 375793165 377960288 416055169 502719037 337621912 584529992 632791478 106176808 666498041 473721654 226947739 567426179 251219016 993126414 975659671
30 2 60 515392057
150408850 995459376 897278512 51215896 411997673 561374940 629475158 258167355 420712011 822276274 343024282 423847939 91400944 308843241 479659904 297634416 511503969 728370842 212489186 416388799 121396846 759364375 627841311 252794000 548484713 704920484 182488704 145949300 223655584 306737899
30 2 60 360940109
440413870 592764551 316111818 437324465 263795913 614829692 404285439 940107106 544794955 840333028 614285359 676845696 19193105 507513341 885524957 807273295 840792647 98628277 411252936 586383478 977995451 258684217 145027411 835183649 46225506 91878945 137025378 614705977 7232735 48743509
30 2 60 872471801
405961576 686547870 439001421 149849749 423324155 670738597 320125759 140705631 705206259 738651091 275455963 4362728 639878987 250631045 156584439 85335185 229036676 310920879 914472578 943581420 323066537 874742073 783030603 970796151 746843680 620393707 434892145 301345797 537392246 642901671
30 2 60 719394727
378520540 246163172 438642798 199641398 243638454 585351210 325406310 549194005 596465101 813012623 554255360 961561608 100791899 503777863 446154933 329536671 678617796 187431731 897170598 796970080 249908064 915161404 802790328 381471997 746913069 381197851 367243817 420506764 837644337 716884306
30 2 60 958338511
529175918 562732646 997827529 414229647 441990243 748804531 455889384 802543658 173313209 146253185 46518178 68293429 492758411 335392389 513875539 300745576 325770512 474443029 870417663 350441715 742684732 164046974 411330525 896332569 356900347 152453957 916402260 871542154 826326604 447068677
30 2 60 999374873
478266330 17493597 68273828 95736672 147232280 261897546 268831076 708471255 977064274 828892096 652477782 863139983 140485189 922473333 963476246 994041197 100590679 888415337 933972909 713810053 588336619 381507849 235094457 973184863 753810461 704115273 639833434 793511301 868866820 970267403
30 2 60 453888851
162075900 516144652 597796402 760726154 619956950 421038699 109865583 105453036 861292302 593355742 887719964 313853463 498237540 279010334 30953066 680120736 648584624 933049787 671316416 14576291 374181895 927752858 276112395 672040247 277885407 385215845 774737583 673376467 994993393 748291201
30 2 60 69766973
815027455 149787457 659146820 440608288 59175092 14774521 733863384 672780111 314488447 729994935 625109960 431106514 35460356 126135777 730394339 29317336 623117867 483213016 232419040 194372028 585531350 60126346 161090365 657996046 984455438 735794625 111169643 248202391 636799041 564025322
30 2 60 757859449
341090213 387263105 624555927 794428919 31930790 473453691 688685738 329045451 668035781 866724268 141991464 762440630 988634341 795700898 442638252 300411472 963784958 448610891 373138946 241154662 921466763 534274371 801525010 985720779 861613491 657170718 19821158 848220437 380898839 832949082
30 2 60 301649611
799107180 827964770 415194953 247349771 629724100 434276811 564595231 331386257 406075854 741430054 740469651 300188303 405305237 898198330 973710802 239684975 562140720 817394377 209395840 847180243 357667080 230101810 1860766 66437233 515652324 749495806 232511084 742353359 397717834 300036451
30 2 60 802828751
149640834 970502515 328285434 514125506 522470093 258690177 233173464 401745752 5222218 979747035 853680121 933928589 170567040 553049181 112822862 258027693 344246353 107420334 445149551 46992879 629793499 888061540 256523661 182193426 585900045 175519985 980135383 677915971 743412324 619242815
30 2 60 418818793
407454384 938857678 195707384 639126481 285900678 746958133 343109989 328315131 948926504 843351527 860589654 325559726 917216387 815111829 302612137 383822100 972952337 298436417 500667671 806692829 905178897 411502937 418294715 119288565 664902152 72412780 84056674 484099071 184585827 480534169
30 2 60 962075741
63770840 503296928 820547194 382810303 460591254 488258669 305318122 592126397 40855594 215842474 314577888 741798861 864487952 308983672 647030151 513397440 321449379 250174389 289856529 736685964 891251933 50692581 785792072 875774241 965640434 825901429 848191532 704406248 1224275 309472694
30 2 60 981823327
64888005 489066298 614052406 430703679 233534772 85509218 916810100 139791843 667216454 976820878 239277953 853748600 686733826 72233741 468315212 629907398 650324407 916072237 117346319 494189328 27080655 390009821 916431268 603746406 852477172 397673417 67818950 254510792 969585400 649493549
30 2 60 21118867
879574833 103112056 329084025 593817988 115699375 747785256 693716471 680121155 177367223 153747474 318180715 575526613 638541229 801393152 59599574 60472263 880358869 550632591 663319075 876831018 632589912 262643559 902967629 879029615 663919159 867739611 798899701 855874086 972912133 401496959
30 2 60 210149113
133319782 254859604 889961668 969769117 501092857 966189817 828133501 541138792 545389314 541741666 439853232 432719 384448845 168310359 433843441 89544149 958365732 723126228 748368075 207512421 363455290 204391862 776522390 848871602 648208731 766884738 814536229 344505026 943056064 688309848
30 2 60 872277667
236254519 410796381 584394284 153775028 838681666 689138540 848510788 972475145 35278445 598726543 945412054 410572785 431374257 900695548 332291219 644965021 835225578 767005475 620820964 721145287 388264429 829534795 537816097 295813421 123078413 863895085 81250942 272357365 404760486 715691519
30 2 60 923650723
566758260 604825478 531330117 232759221 372777116 601251141 574926136 102713900 545020101 363427407 291946144 270864418 465323581 667266544 778884194 967222977 38661155 805421100 778277985 391327781 149197550 1659938 95183416 508428252 680021820 505113664 574921741 298548629 805231980 444318525
