30
30 1 60 411117947
667909524 585800585 47188196 266534897 415309713 369185692 163700986 806417585 193529769 257202459 479983951 751630961 113550771 209377635 974872883 326950325 2568119 997983245 583017665 920062596 10571351 724103012 197992226 84646978 826726595 222601119 415218626 490310500 406915917 479432492
30 1 60 338153539
754811640 811802009 656320806 964376753 59929831 923378881 201159896 697583680 537777333 898441152 37778424 976101723 150969653 675221941 103492805 853770920 371603990 900225844 962920385 436518566 188136461 199886172 929780202 489511424 558429732 53492991 126091737 791880875 478267379 483813340
30 1 60 566806873
341181544 786691109 353847924 319912257 376161602 190972102 579860828 881252753 84698833 27180311 423354894 46099888 424961690 649845473 604314636 532908542 813435503 464694153 203494169 708740314 989112563 355980118 338991432 639463931 791301526 576785065 592622103 181296499 837632218 836409240
30 1 60 977369741
193583345 449839318 369233116 836177043 328032161 882619723 558746162 971255043 818068277 505062296 924463566 109477005 102348549 292704317 858476137 219326209 132211300 383317706 189145162 783633687 326327673 168866128 116261109 734753704 6567000 848495838 872036351 71128537 200798727 516912606
30 1 60 258294113
965709286 721920205 852585878 559968444 104598671 355328448 604688500 55745845 801721489 397055016 566875018 237190029 332024847 62995839 667229999 846239950 428151899 592368141 871066651 713506667 432369070 912653682 179252278 409187777 712106833 106461772 618301664 853118340 955879105 738048545
30 1 60 68978471
132088177 899548677 903429710 679696530 377690365 172783354 610825812 583040711 393677469 833883477 324962922 202844978 284328295 950166335 783099211 83076191 471126620 951536238 370894538 482221450 339955877 851286759 669381876 638324742 507146105 219163482 458505382 322831956 76493677 402407671
30 1 60 499702369
774050703 199672067 864425906 836879860 144674017 463196546 819299388 139741807 867547810 624656689 328280624 526675827 183934217 992140240 351112340 570408555 917925591 698144287 540719207 737835792 47442662 816528426 187656067 441623540 316868025 252668996 325556874 413429647 729900335 134138419
30 1 60 416680969
120503053 875197720 859136147 173094462 846824500 436637083 912625072 958169882 831856844 342472092 805625613 280343857 297106379 881600619 691156349 330257451 739525799 520123524 613676521 372447243 479541657 523817717 143148410 196961405 412674193 842157102 390470038 499470898 246756530 390796591
30 1 60 649278529
335007725 211212176 204258812 304246334 287211719 376599373 869640597 909918873 81389400 430208545 319737214 595506216 541423410 413270076 475442069 887794513 643115672 146897219 77535238 75430937 485133332 313984463 994679731 935396046 510237136 48121659 755152934 877747698 753277539 36830003
30 1 60 285319837
736621732 356621133 89815564 553407850 354137015 9514716 874567695 376193492 55721942 942455684 427787400 180847720 136493704 293484331 542327904 517606162 626505947 578155457 134696236 797776232 962859191 447985209 622981290 136489479 350033480 41682995 677618375 908676606 972982655 764440636
30 1 60 32109077
356037771 452031870 979907735 768461669 756208625 813242348 247749567 91833385 760103836 456851982 679827309 839125297 401495580 478074764 566724439 600572506 813025750 883940707 963683035 221825284 83508885 411691752 421351350 482247163 980673679 989554143 835721998 980285636 776743200 189809823
30 1 60 975860657
894512969 965402981 54656512 462002457 691488040 925561029 392690891 690654481 332945854 57244327 563666012 73461974 661344853 866332294 629440628 270723676 205587749 71685259 545393996 167958783 925513067 972368270 520089407 1130943 279846541 951125425 18515656 338560740 280517815 999795173
30 1 60 615314531
686047877 921873245 922679160 679123749 516029745 441044146 818769952 353745214 610464249 123746802 243753733 781218144 597393505 855170707 355540370 834425752 384480410 13414401 993906054 160534228 39701847 89413576 246326321 581117638 711284674 384960694 189328301 321693846 551644092 719144413
30 1 60 227229881
569218886 62349165 373376483 713827828 645229355 246137006 305021797 519506152 708391524 217582246 59160500 362968310 745979633 640022637 241365582 706015908 126831203 209320321 701369644 322475627 772187058 466635897 763472540 459579001 423679591 987450276 151691621 198925921 762938764 459662126
30 1 60 94299089
138107324 315261471 928257280 409830226 943685398 421103208 600012405 510965443 109193901 242955410 524013531 854824139 990374241 269371957 872834265 157826194 701453138 245089439 511592332 757830038 577377739 354827659 319059987 513254301 876993715 856757662 241329709 743025892 106817425 54581471
30 1 60 6512809
715698324 850435712 108521227 187194055 812770710 487222048 196255872 652311895 500426916 114933151 853315155 369420100 99059647 863063204 60969463 146352781 768196440 533894340 494120799 698446468 299627691 442960198 256870433 247520457 558609718 188148280 224479858 836213794 455039997 545883122
30 1 60 363125843
395082054 182766851 287269233 913122797 809897999 611247288 587057919 258206778 192609250 871581281 390028135 749323068 606308636 293736064 502087644 628705384 424907793 254504707 676496741 54765952 4090251 43881872 459112550 170312825 52948608 387801297 885913416 835607126 696177216 410517173
30 1 60 558082099
335516775 328712407 912698710 495068867 741322357 411787237 801887103 722571653 647108943 310997037 592804369 506425449 437380545 678627888 452881018 621925093 459843988 773419159 169337217 759250084 219422002 956423054 483018701 440830004 800828320 788554157 826596942 132175767 699315599 288237694
30 1 60 965019113
232017482 700022976 46693798 748329724 345546844 520044141 55136538 409998157 210242013 209784930 50865567 303419121 347605760 265951421 357662559 910920322 589363510 837985521 891814970 876083434 625238387 808985316 301725725 187968156 666411235 777725543 959558356 558912046 399332515 625612425
30 1 60 891481513
399747586 610211376 345925600 651687687 943367296 660864618 981301244 244245916 245586258 599455928 526111569 52794936 980970330 290167177 410850287 192785201 254333947 917300566 629693141 58064438 206351512 598008436 303964525 760578598 67229592 211322454 849435343 149760821 377929709 32750157
30 1 60 552291073
460761072 460692308 186337244 36586694 134752067 517470812 420697838 36233753 866544176 6347175 2055787 274536298 427838089 93004840 427516526 780477293 536335346 714526913 208730926 428657488 812058423 93714523 475781490 464046659 221669806 705573392 142341853 151826150 686524573 611838487
30 1 60 621149441
839042116 515123272 664922860 508845852 220385716 50947366 70979458 398655990 925634681 124393401 743018031 67218550 282796448 674028240 77321400 13014728 398594398 944711777 703798856 956276241 103306984 40887470 896966771 924675505 595725164 882477856 510182236 705124767 97791522 683816353
30 1 60 617880121
277592687 831694711 949414091 642293081 847837811 220667590 968499568 348692914 514791470 96646220 854184575 66055892 49705150 883805176 688258048 226027807 129351432 16977179 741162697 140376729 586131066 367171609 7809734 734686529 705937975 858840171 712684244 592691850 381576211 265158211
30 1 60 320106259
89851508 858274286 459762726 885025668 24990681 892931721 380809943 435300043 587098999 388691874 581097778 433281457 479802820 501351449 251830821 317373236 427568112 223209813 248423674 810865653 544892775 295774908 505311412 993611400 382698878 398350176 198512476 338262971 102304606 871409220
30 1 60 990018841
382209449 931025521 947000018 759495623 278937542 984494935 66289635 313293662 530419043 113248073 585914035 473360092 352256200 800597411 521351538 775908533 532114148 339054991 478274843 338534830 299076447 34394646 416166960 856072129 126309824 353372896 37478720 411175720 856915224 99051933
30 1 60 751931221
41099995 606889203 861673316 487964617 966956795 311218910 712635565 767328116 76552565 29636816 227457026 418365826 928169880 103458707 79127961 457266997 644371030 593808173 640210237 548596335 455112963 193766406 358245989 486060948 12520367 315792548 842864945 403928270 14801694 104378303
30 1 60 163373659
747739542 208597663 665767316 404652241 999513425 771635079 720723357 212408888 95322935 412612931 829996628 75354989 632869318 63002004 794155611 533131782 143189715 460493990 651201659 202511226 737311868 723672338 207669383 884095314 324754569 717682373 821133979 956857052 525983013 126958909
30 1 60 468693637
723041247 201992383 518342597 149384500 20826724 978372828 849764731 755378100 65181990 644910851 82186378 273087689 880172738 85235136 27618092 180802661 349397098 592434698 354109155 13793500 601284939 460144999 361430887 486016520 311958194 881055698 126852862 166707268 916765105 47059807
30 1 60 482046733
139946768 144602303 928451707 638018658 303841242 197664489 257748152 752568838 263013805 249251437 742603963 700123450 493597688 206357633 147402515 282578446 584318629 11727678 825332477 718025872 301362446 518687278 570276217 801513563 142865106 903072801 764406594 57717723 481651281 889087677
30 1 60 609124589
437458934 390612658 519296007 58611286 490615038 992192762 784956764 659999483 160942685 324425751 19669871 598588187 91119500 646649750 354404737 579270381 104107717 691231604 445263024 641137039 85250213 74746827 139302014 141854165 470107691 21710749 935624343 117902110 835561915 375666504
