30
27 27 8901 329499337
468192861 410800472 637188118 513552929 880332613 699775842 977521426 732346695 568184276 464995491 566679490 38805718 426056059 366381827 927346921 754868023 313770622 339665352 766898886 485871597 555528597 197588871 19228416 720380563 348366398 592853941 168543994
14 14 7325 712118155
91476746 179463065 819270795 826140453 428807145 219268873 890694292 509558574 735255564 129440024 268614315 240879197 808206200 768883448
12 12 8403 525866454
407987007 713350124 121270866 600752330 788665892 694024667 653140517 732542188 662044221 690161472 131505616 793627653
5 5 9923 738637095
213442388 742602409 715492398 720615996 732939488
1 1 2124 184876639
730782561
20 20 3880 764507665
235179605 431864792 58842081 197061174 5860764 150734830 154075144 740316390 502739290 882460584 746689521 739142180 847262169 977860872 84923999 843572018 172307357 139115372 743430600 535321314
9 9 1444 534331613
320038261 875539383 494195766 872280116 191418237 188328616 432135338 341736247 759496124
27 27 9442 68659783
889783175 673795042 359385085 495559095 686884004 537077586 476854268 164666271 602422193 526449552 525963912 824753061 812544243 552847894 512606475 91518665 852980474 550047689 320065228 475937472 874486596 919415836 491982722 918794343 357977397 208385682 616755635
1 1 4396 513541640
500307450
29 29 3283 17053452
902100637 328139828 913385451 667352154 261149999 687363094 182864543 884394950 402113100 799972770 290730681 30156333 114885902 460753792 196278137 840837249 826070912 688738262 842878771 328631947 944314216 545590702 90260656 604362071 823731036 147172340 932160212 960292698 585147718
21 21 1616 186596666
226879102 150491794 980722056 378214130 733983056 439161290 493700861 616822847 245315509 640203646 961396169 111467258 529407097 173775020 997707290 776424667 598236274 642157142 217575338 468965307 25288876
24 24 6968 454465498
743509534 829005929 315383279 759586232 592643382 615998958 732217433 898697228 111852200 3882973 796891457 885651399 629897287 398448728 372605648 565904724 614059035 970797500 568812610 590413586 114022857 272014962 490219187 544749540
2 2 4848 944378241
531472299 459878551
9 9 2520 519261692
810910410 168540513 725791219 601600862 33374702 650770102 613199319 954591780 182186298
9 9 1688 682875611
862915248 196470730 51506718 570688569 108932110 28173215 110846491 987931696 12511911
10 10 1602 762102224
15291900 360157623 317475270 312708375 845121037 725485894 114256825 560702826 507414173 853513652
22 22 2429 635001555
180032618 32909597 84828851 523485591 398095573 494255269 968437238 876319836 662755884 882334731 910263206 748378947 231923289 594738807 232115181 285381967 551268919 801717729 662756680 677993927 995913434 251315950
28 28 5204 241385587
55263559 471386041 723930299 674833144 934931669 93370019 356730508 490752671 670989458 802585814 171162103 976940381 146865226 51309389 460073411 289470166 122812755 384671387 627443570 574067375 588849818 915694344 610445970 147707018 597115121 676060332 433406765 437878543
24 24 1325 490496686
561552901 583052456 437048516 746063815 466864087 492651709 240805941 893254578 564205824 430167869 834619262 769201118 627230857 283536929 418911467 566429512 641996488 153061921 73323532 261147805 315530413 770894311 348042307 183685233
3 3 4992 461601270
812040726 91672129 225071251
2 2 6678 103153211
765783497 467167014
30 30 677 8916468
40203616 630201684 983003817 435233722 737587671 322688634 611500541 405428059 356501463 412371060 841995807 622558504 478253760 826897600 373557193 717792659 215471194 612349097 13631922 333728888 147403585 471923610 461871205 246639202 863439945 910421612 329351409 180346530 87731327 927549543
17 17 6626 666610645
332153106 24581408 538048909 746631648 150634592 360845877 519439156 47952560 657063876 654947083 532638705 13060494 164450765 387399366 486676589 642943713 872627341
19 19 4885 257094510
99255198 589507480 783257083 673038678 427013059 84349279 952015754 702466275 738435957 301177721 406427435 81391351 806538877 563625260 382431397 818692755 15426971 729196529 108938685
16 16 538 477488618
137337758 440344481 967064684 911744204 640192010 342988282 246265394 891631918 414686476 694354105 99400106 495970378 313142556 971971984 120931455 449855705
7 7 7399 975675616
345945115 82625638 71184194 707046388 793415757 290635679 505756056
23 23 1638 400454521
140476192 740723537 749808891 198964797 436446331 136776024 54850036 62313452 14749245 88503550 832204306 482544246 506943652 416922961 578256576 706576490 60602409 799341505 784484633 704493847 550610230 282372855 115183443
4 4 2049 374206407
447571811 696200360 24665406 38387791
30 30 9585 379298121
524610943 110089963 652846174 767908662 68457981 648038298 223526385 589613544 368836769 984114886 266490505 791373771 606848833 393346691 199097112 778766463 635577093 463256971 974036569 576663900 140709225 504728727 46762748 663511181 644081997 788434332 915593765 446583208 698951481 472997682
26 26 2372 473168030
691479863 62409015 884108775 660965212 618476668 328140504 622656074 265311796 994990380 920362192 704487694 139511253 633736682 194354584 306155954 204922290 665319111 62335746 95531659 277553528 999897749 504075955 79748635 46664240 887823344 561043872
