30
30 12 60 282094421
501429004 314602337 599065553 326673891 330972489 923532807 411287409 933715028 155034885 251676606 280824157 28909180 465179166 211888780 450078841 668002660 543836952 916927256 461067198 938124935 906879520 460824840 840206948 960140117 311367733 670658469 100620472 896024454 725550204 252520078
30 12 14 719220569
486108498 270621884 360089928 75377859 818605658 770154146 750569973 657568983 199290788 477052451 58895020 925006957 440146308 595736693 117858680 26187518 113956854 815878713 836215753 688302498 153594422 611224833 721952489 320290614 788416072 183383185 874674353 179815957 612177864 487009458
30 8 47 773063219
945309752 808844597 958876466 59585669 593131398 939274375 829234308 326767234 69903907 966833344 878578099 535937811 231353997 951118349 338904466 132166635 92190194 681261500 119884577 530069194 11794262 11879338 602948790 777903778 489548933 538863423 484768830 305860508 392554102 823628818
30 9 60 154147589
76517971 527479082 4198395 903541170 842195469 40008349 364236134 143383935 6060763 3386802 905265451 207741039 225213891 809251649 664919215 645630346 815373694 803620078 539410094 48144276 746472937 521500226 452500002 679711813 353979447 327346790 220704349 845995373 3044542 351551932
30 7 45 210367
810885221 732680032 237167702 407214134 576768227 325432759 562725303 378924296 817320395 929163250 465493695 128967754 218310392 754397284 530719216 204829928 262826384 706845607 545983494 318057284 197009360 264986402 791975868 927572669 500882593 723643455 6563910 980610939 197347055 600258245
30 4 7 737737597
596169531 326720993 521461139 125710763 574703736 513883438 777955009 831451677 5076559 853564423 607079237 450668698 828616481 869645670 723085231 467764209 451256691 524201765 538775001 938408272 671229103 523405801 488939593 160231343 856917605 268639171 302142952 651933113 171275825 273218790
30 11 6 852779149
200369840 862915056 635610705 160729235 541045315 919680622 955579194 334129663 814014685 404079313 383079099 952807388 417652849 278328998 345781879 163078752 562019685 344244613 28961808 152473230 402191649 627304671 590498432 629516333 90639673 559927271 284912731 26204683 691134852 181284653
30 6 48 249568963
672645669 650374052 347637358 606974443 789118557 184875650 54372745 615775372 511569219 676469002 462939914 508780118 103732233 326616408 175647141 746387903 45480210 51271029 43828298 300674446 802960131 986325236 122850978 814322877 913896113 397192944 677313199 877174019 752320543 633105352
30 6 32 893129533
550187040 101714576 214396031 898085874 609873764 527884256 266036854 994547235 348055933 260163974 76978084 823131106 229072956 35287950 141183228 383305175 303514612 903370305 211333144 538738357 811537873 443453986 108623353 268192969 83657541 427388706 528980778 114768441 420721869 38850221
30 15 17 14875621
497019992 613794613 199276460 52546395 773292517 44658341 965201146 785640584 13235571 681542934 443069313 342086227 135811269 615665381 282760201 203084695 443897585 632959470 340457406 862160555 991166221 767944898 577637013 8392431 454806376 149312864 828837970 956059417 243627848 675548248
30 12 60 173366081
188963833 757842008 759485404 192845078 90262016 405087073 810865135 247822003 282118883 425971208 82133417 809256598 763265796 271913471 172809798 761256336 455087412 830750825 673329301 598647060 966915863 136150612 286549813 662860324 319263984 793787220 738527054 252131577 106932529 327061478
30 11 41 571994951
384692070 175212291 960640430 473811660 195074618 305007846 938371453 649464887 701703016 628317129 122059076 886628518 375685047 541003753 501751271 923022548 662429097 286619170 289945284 48671429 684059090 686744378 103723825 223584510 284941140 108140638 154299643 21329327 544431361 380129965
30 10 27 90722863
292582978 477786168 770349947 843431550 265376096 552451569 548171015 586835374 469059423 293365237 169875276 361822018 206536365 470177654 833353109 118305989 215167610 859117779 910543727 845136916 119016443 67906837 82830538 897151483 649101350 114199305 317728541 557860347 369481723 480796676
30 3 6 115685411
225169070 594128240 844363695 343673321 519532698 423137675 778571019 492090310 459117946 674472986 474213776 397758963 338296595 432915481 198963261 145789736 943350455 600515880 656190476 808906468 715157572 588768532 898005274 500327659 56329714 824469280 117655039 718113960 175381704 974903504
30 2 21 229415143
516841482 928976255 844254128 577175721 47787 590302675 805080507 807316967 279529181 289044430 571353849 970442302 386014926 216470938 787601238 862861462 210626709 18666953 711390902 60542838 565606835 140953129 743181094 696143327 899993434 496171751 897054195 924507703 303229137 833503561
30 12 41 999092063
437385640 436880793 359522376 796923163 920126211 30681567 935410089 906498995 861872389 383615155 247913391 381214950 773427819 922926921 829300111 613210425 952238043 55538386 415102038 976316489 340118017 635905193 923372685 439011198 976463481 210834098 117715376 980730295 709908098 603734473
30 9 56 68745517
354189049 488510018 210456898 162446964 749678582 613208161 828374044 795423245 56088308 448446880 110355377 832818650 577709289 228033358 181776359 452987208 41727866 391792117 717471788 443256599 302654263 730061805 713932640 647663344 887473300 630254035 735601194 330935781 77194567 263882941
30 12 24 367577903
450395639 661727904 19226795 167509111 61510438 864430295 920703659 603527860 386247253 276864020 186290413 436506643 374904319 882469694 609374007 586521537 263090227 7444058 778648655 558038047 879236718 859984105 890375109 125022106 489823143 664317986 134675717 917863134 910284604 942898572
30 5 44 604840759
961927009 309094419 154623301 301412606 616825824 864206016 385275098 861706725 310701509 763063249 381445201 705881379 358720931 672350485 786275024 147980686 134502053 456574499 586238021 412948874 774221790 318239431 619320476 523530901 895727177 380935848 2078837 356823654 806231317 975391845
30 14 7 765139019
404124086 805870855 638174182 606581585 997954401 679117314 366163165 968848769 279218309 125857216 297065236 502046518 130084058 503299581 7514232 85168175 645925523 538866606 781881504 402330967 759952004 885656603 132659480 754364713 129857446 730115052 837699311 194951659 696533352 937011084
30 6 35 370150043
998315619 662032010 743084363 410937461 265062173 997627534 754988131 589904798 619644604 143294742 794467956 94115843 255604799 827980363 948637492 84839406 291510612 240734775 338386701 558359088 937070360 256223144 247987697 251018988 778659250 501011158 76954367 501621429 457591228 38276246
30 11 51 229721659
715431317 440777673 447527426 88514087 31417131 90309175 523428174 676404132 938214860 936313936 674284638 832664841 201806559 302530050 690308623 917338889 817077591 742629431 133355597 292306736 385231295 985869367 811309382 417089472 436465804 812370025 571962657 557516735 950305409 634058482
30 3 23 157649527
428609319 394647261 47443307 105120767 31894287 339493565 542931384 592443443 634376418 686000595 199195254 916444710 995001437 537932572 470701507 244432017 366895978 33100029 109649216 574295563 754591965 361823626 942465653 926442356 638017591 456070692 271435751 181662841 807681532 948542282
30 5 12 901242077
772448742 192853582 593662367 451995859 182762418 114018395 885588720 717914195 380662169 925807144 635298435 198991111 273637222 338774409 534985246 290954745 889152741 248893451 224889868 696413368 497620528 137080428 168704839 169338115 431346812 879844637 327742089 600098977 259756982 790804604
30 15 5 648576863
485847821 995308303 753121651 295211923 414077878 4104340 326218846 696702076 515755355 838779343 120397547 75688699 682913458 145697496 419994614 337160163 270948941 173081988 710816108 622128773 935514079 947435459 629747364 934547474 908204791 36661613 93991429 279088045 289612203 611406215
30 13 21 721066591
523218803 836635915 975572585 666735600 328115633 571300746 17908452 766501480 158698959 279841418 204397408 432467737 127636152 915990299 951957219 237531452 575469276 496534161 711144316 499066689 9293633 867799976 730742140 373874310 799065981 991109078 82396670 432211471 756220788 410987703
30 11 26 367646911
142557774 288957536 429947782 220029630 222984165 194475321 603350821 420622290 837028057 249462368 610657842 318941308 829251502 663979386 538231524 69169882 505552862 423112997 445287175 816722830 167401090 1672158 149361749 651686565 577979857 406896896 37952221 908610578 744266145 192556185
30 6 20 29949367
794838422 312211421 250075394 782630473 314903658 442305818 334951563 609906184 510352135 454172175 295882088 176444467 122263311 652329575 814110444 712608571 792072777 545463048 660840558 201756288 273879922 806503868 939737646 904558764 28198237 303334513 970578614 631636056 275706460 139386608
30 12 43 462721457
917212545 588029820 959689891 301298058 405390220 20408344 399450612 614561333 731650662 910172423 606755973 632561399 383028597 445555827 168312090 128477114 133888046 475880788 510310744 21678018 225057672 832940197 963992951 387002246 859080108 164422166 121906496 341883979 828945797 716731897
30 5 56 697267507
66528905 881462850 344661447 772879242 651891935 409409911 459320409 646640291 62088598 491119199 403821716 382944243 939642558 859366763 720864194 359755846 319781929 273732905 86704758 961948550 94762958 211468504 72989480 889427971 649687109 153021301 105048419 72679367 22749633 878646771
