30
30 14 2 851633797
574562063 166347180 163080967 310814787 587851709 964193989 779559534 900655281 524062579 619849593 162913700 822884060 820046333 901333093 572073928 530604068 124637708 245555879 379425867 865574259 410463542 721823732 98092468 955271494 760565262 181088822 701681774 936501038 862081988 615324785
30 9 38 126077657
464921089 211085348 277523016 702213524 177932521 517778408 595636067 156978252 323120850 655354020 101366429 632217346 278445388 632312066 611900225 107016640 648601432 216732261 93323871 974786649 508708630 654416559 531649867 946210219 528972023 812860239 397384517 164802175 802368324 404517265
30 4 30 452156537
448302064 870061952 89234996 606086127 642179502 473052596 718809144 237500552 725760511 655971044 513386279 52358875 117371243 634763751 348477321 935768096 813878883 352282121 728275597 435150759 393191204 474291932 445418372 547657325 107286735 796136941 228219741 683998128 173827424 574455719
30 14 57 704580229
93883020 896431684 468017982 906801619 320470166 247286963 607499035 176470943 383006672 121950598 151442655 49811943 898447354 828248161 737275607 298613796 707882563 173326756 767137290 467368547 28389450 474286433 242283499 587629494 620367544 570254545 743746860 960275245 813556454 660973550
30 1 27 555923683
826136485 184238871 906326367 653837339 760626538 956432373 346981967 736224974 942405122 215163379 835301323 9037163 481186096 387702787 666865919 975323065 205544674 879334800 817739316 343703184 804541782 983599159 873197091 790903724 937410348 408919328 969745400 835258867 299239128 31291482
30 12 43 716208959
330801159 439353445 329918447 508123043 73972424 406291291 486212448 74192049 880515925 85148918 634495690 305762905 652645139 488061623 298614761 163927470 53571032 624591619 220256888 18172919 105117071 808670124 113049471 536097466 152442040 181142090 344167570 925590861 378150111 158137616
30 5 36 99248161
383682036 363631729 712351738 420363843 913972277 635287896 325385750 581270925 696318547 127892458 973529096 850877300 650130781 895481791 331697909 71997167 983032581 905004661 88621302 113355470 463812595 108778420 366227596 333326616 265565555 870769068 818039653 715221397 655569150 238677301
30 14 15 263363851
992832601 900832205 518596991 871903208 160154277 92526508 22995843 618315389 458562673 377888521 253100458 642301569 161589403 415902071 910036625 942619860 254802725 356002919 202531475 580965799 683584157 10808279 463793340 266877541 581677810 734367520 52267641 517265976 405917759 316569378
30 11 11 179491339
494426556 232473458 350310398 171201947 650933532 429446850 565454409 713920127 513901678 275640220 25973473 810580243 504975509 300480434 306019048 765131595 604993075 371911810 174202370 966451007 159598545 330069050 772796949 60538877 81779294 375573278 684767825 178208617 345691298 294819705
30 6 5 716846927
694423899 95680637 244709688 513426214 55181529 881439627 999912630 827295316 65444017 824439909 932147355 181011739 523342099 339798759 797516023 891924139 639757510 296050679 712907668 858299613 497091150 150516700 264583218 426852306 326755176 76526803 516183721 473122422 949509732 354726294
30 3 14 217672127
736843070 938389650 660932275 523853186 391370744 356079183 868737578 919639767 22281589 80588614 230498062 701377561 336915201 826506595 1989056 355088565 332554325 941692488 235410715 688070339 174336649 428923561 756741557 280321760 478152564 288198287 921608897 49953240 110273529 704013673
30 14 60 675814517
685651037 677423985 449858523 785412309 171087480 832764892 69156486 102158048 267907666 588852297 447522452 843547405 549246397 785347708 600174723 381051052 766773112 218583414 488538597 253661104 178757160 796509690 152799447 568704938 433195235 277338039 101579794 15257193 504044034 288427300
30 15 27 342453271
482602146 62592937 576164804 446458176 852464486 341766128 911834400 199863166 313392918 88049261 904631278 980809181 488930469 359115386 905014534 400400121 105121427 778631690 439263862 450357501 209816107 655868563 960087807 734536755 825474632 219951818 148932921 11074154 158966178 7755933
30 12 34 863110097
548364971 151728082 233161330 6349077 641722886 458514222 214375072 657487650 55293561 982411043 825208161 866174058 10870411 295394887 986448960 104753397 358517998 595450134 44601132 786812598 416501374 526641573 678143079 225112387 960695696 33448110 441127816 331460130 668429755 887459651
30 2 39 782313091
655174398 986938558 484782984 375492216 167883111 661405147 286208587 435166049 485588021 168135398 808248743 214204792 521852167 302389645 734868017 802107031 836206642 958525883 672851098 617935112 125507819 85318929 962170855 167138048 159450591 613095534 697757386 922921856 956420531 859103558
30 4 36 194673461
135646180 937755331 707207805 749579646 328299955 529821144 173741464 394713590 433378944 6656652 4123052 230413394 609602387 567667067 468850175 727461709 135208851 603414663 523663809 546161280 771798821 818890755 189728778 291506429 361050281 914551257 351804246 60795652 437796690 472855654
30 3 40 873697913
866259560 278503806 214536108 792863729 925675496 358945769 346509270 905770744 801804223 28831555 914538398 411645152 116350553 587001071 439809349 329206364 290204247 660114148 889327424 655054711 72403783 321941043 648642931 732808678 580034020 725353512 671854824 513171221 444128327 440031127
30 10 46 678692261
686912847 307485776 958954905 565564153 983332698 890114098 97976373 777211547 650134105 673614294 715507517 760629637 239703586 702858340 655845580 682606080 158907345 678174405 393197827 784551568 323695363 390153700 148144853 109841957 6207085 448857909 917482563 168174467 597688164 903002429
30 10 35 67639477
391161638 125651771 129612363 339597149 559054163 835731651 572337805 114066388 875460235 274703729 736054784 701971578 35662394 210033324 849156986 545548811 945308895 679737312 69536603 236539115 747398306 82831765 15282457 265382221 596725728 448444236 847115453 537318913 472891330 854106767
30 6 34 23296609
886706619 832882295 211723929 243249785 537572081 339021785 665864443 87412782 707689257 193091389 250980412 864196075 67908129 724497563 639192509 84939156 864151879 963065319 803360449 228056562 259351157 413514516 230923891 935457308 985282446 640943263 647981320 888058181 254334020 919093056
30 15 55 740987921
221106469 989082734 166416254 763542182 392943678 220952914 765824898 466094282 676360375 902190626 499176926 483989788 464286875 768183525 381964808 556505263 591538060 508882427 384226904 922028840 41283530 661864537 366316344 125549398 947534589 514543023 160843921 42172874 983133919 155516054
30 7 8 331830173
831186227 993257349 767210033 781567688 485453596 83165736 735660080 298465239 166029756 81272930 641462888 992925548 601699760 611277761 439889078 688223004 401323115 567958009 393892837 432269757 590050032 653069527 571427905 904491414 623824717 381770853 310139472 861626310 620504643 120493865
30 15 6 255303331
686959536 978595829 620274545 586086800 220874321 779398895 546223478 21410759 863500801 374836424 618613414 339160810 887135542 580798180 285410502 479570260 152525602 199137494 294563517 720502765 964613666 981228412 268451012 388243877 998089530 562586775 11518966 742773658 772284534 202802666
30 1 55 265140199
393697883 276580494 624322360 54002425 39755830 620299954 559909241 417914991 832062691 691002240 18853979 38311106 379637168 249511371 53676146 528218421 196635938 586990708 985218584 155656894 131714016 448025116 840017400 730295065 625656259 541756662 10637925 159091517 5474631 85267500
30 5 36 511014301
123128600 864351545 378690855 399586784 400765676 405656043 888056536 834178222 200058446 634401499 6759774 583966734 629018645 570503886 835201953 646331080 577333620 207961224 722059433 573707786 610129649 773864352 162936428 173564667 439424331 910174860 789872486 423181516 910808532 686049604
30 6 46 807731387
11157875 611252811 511868111 493888569 468572086 406809331 487146094 149175065 233786175 968171962 932353347 746300214 364935293 742599733 745140437 958080876 56466307 937279527 54578915 535591253 741241800 677091708 846426600 610675966 549841305 66249018 566881483 231918504 51581571 795068968
30 15 40 83066167
233273626 649058580 642644388 212635607 439460363 119693102 972911257 438644196 917715650 52706009 259107735 562954200 946517711 845188226 916271190 895148691 766393845 542412618 964061421 728359652 293215627 411716856 226725228 811281307 261290509 665737750 469533705 186249704 570452667 685944099
30 9 25 442786153
257285255 692813755 53180027 403722724 202361774 490020597 434393520 960378445 328900692 31534252 49479086 762915250 122684367 692310578 479437532 467910942 572787126 770005657 694405824 733208547 555597740 961136191 621306908 214631255 400439880 981584287 709082947 642655387 259334021 730217297
30 15 48 569755069
599299790 549602573 482860950 273241721 809045196 62553172 87524520 818692066 272141953 286500128 344787902 464576037 122056872 86029710 181345847 9629609 415775985 224601543 732653921 500850134 578670113 736978837 335750370 145919308 298874710 633794764 751833342 436001332 28374032 829440745
30 6 24 277909757
411887246 36293076 639444826 878399618 537088642 234553746 237772581 598767131 471962321 384544762 922653262 911543769 690478173 268783940 351433929 254532678 502446342 973132891 356195087 639478693 526667023 493060690 222509689 359416543 505469748 179058711 139089878 260672583 192856615 966900472
