30
12 5 528388183 755693652
500013371 405008760 33956505 952365840 982065918 905298090 725143037 937299041 462049900 114351471 650270097 574934724
2 1 161422568 389018383
468117997 954892342
19 2 89591654 992818397
156579971 93594866 868106997 883975357 251304998 545146181 770996957 450712285 439318760 446230951 882836909 923257512 829723383 364997623 706556274 725720439 417330436 55505369 460770800
10 4 23249220 272761032
631952764 765992711 328692285 933626256 431382029 744634636 984860123 721739366 838577920 182316166
9 4 975475233 200147006
861074609 850871526 890426226 712012289 534658868 410121095 289338489 447539969 380267823
11 3 635004831 511921642
524482863 393198512 509553586 70085756 868130713 405579225 506671386 328832061 456904920 3002699 544997104
3 1 925116726 766372916
313792926 781053466 269737444
21 1 955148879 167270339
124123379 709946297 199738256 882360839 578908091 514850947 244462735 938770370 706276280 407947486 726108866 481065209 54102935 44913257 651296372 481216846 92213074 656512274 745007370 814794377 573253528
7 1 288467225 878160498
523564120 691417571 251393249 483123727 507810535 671477969 126853159
18 9 854015360 897295254
123038550 111250966 639317997 851102446 720329291 207969596 176973893 807153111 930876532 314406101 889268880 749579736 706886226 68986773 840552709 92522389 965648551 428125597
8 4 410930215 23065821
789309447 504601374 119791732 317955570 869272913 369958498 724473589 591202593
21 2 864205439 924445563
64114353 387443217 667311254 3811572 849230086 504721705 100534122 176843303 738116680 367328636 342927571 907559234 978647721 832955833 504391626 886286567 9164357 430725763 719169083 419620552 693827901
8 3 845796432 571661958
653950618 453427639 344741677 382774094 751433613 434653536 162488892 562836460
2 1 404489193 16512385
979373937 549181190
2 1 445539182 248706239
45140534 215639829
3 1 882305588 675765898
596142301 616642293 433389221
16 8 310280734 915615603
625258689 451900666 843724890 577098069 153340627 486951846 522678261 218527040 721232013 581745517 519135543 37522090 821613873 217411455 674709412 656326632
30 5 110256192 954873659
120257068 626660445 127377253 297821210 155737415 438357230 33404582 228609893 663490413 574443057 710792444 236773567 268398646 842820094 837516369 522044766 579991052 402677239 638511512 81949461 947463994 570290464 225881418 625072095 785407623 271886989 298854991 330674200 994664955 309716466
14 7 456190550 524004770
771691905 673943199 379833572 609171785 163286110 210219997 432143486 707377994 550895237 650262077 240349543 360044185 57503656 940013987
14 1 828207799 112660689
254226486 483278060 499971044 465529792 457182301 173384094 26055570 382390069 518455857 21973667 267285930 846151188 383734142 729562913
11 4 301535325 655232216
148031291 7374929 673229970 59539184 781476266 540648036 681094935 439863604 69021733 691581508 382201478
2 1 321508222 635710682
847063887 419793569
15 5 761172965 595912750
178808217 938121129 988665803 106842859 198066795 440284669 158188905 515399933 426156959 830570557 708816429 598066701 437812148 208292454 802053891
22 7 687428415 275619
660215519 587480604 269535628 172568719 384046168 458202759 771337645 496233802 263041876 184215159 691865112 963784183 969332241 960992599 870477600 219665990 418462112 467785444 353889824 565370326 284098369 149731586
27 11 946839489 994058726
246096716 405050531 672599645 212909440 84488500 480089013 35677995 863572660 610064356 531129440 814283511 275975730 228196558 478859203 701703651 568458091 437335985 837871480 602755638 928527065 530191232 824618541 91381468 830759206 620467084 132705941 904656805
12 1 944502354 930209345
117902975 911721786 538595216 575680027 245959509 3663732 180691880 909349054 147694678 795259419 314595126 764844216
19 5 561389846 172368301
97792714 710261312 335111196 199342082 752848733 79900939 12737893 121716200 404381904 697497210 922662377 198450270 981511620 92111267 271822817 959665817 802313246 314311130 305683989
22 3 236381698 673079880
798397419 126937960 877442799 636480079 30927780 426204656 702974412 269819260 645601678 981463834 636625627 145738085 553059530 848171220 908374720 86641482 803685369 338162214 260668378 860597276 315642863 129730749
9 2 349850961 239817028
864503557 772713298 589857413 56858676 277715684 782849858 848637573 94947693 459239039
22 4 42551800 950816907
746459866 837461794 511216481 943820186 79707717 892314027 529292193 948174458 676860802 488095110 917557668 256102962 747723894 223937962 231800707 589227545 173479414 342341314 694757551 28533158 248309004 39444737
