30
26 12 90873598 167666198
912283197 467864051 772763046 203566637 326706248 605296554 650386570 435983812 312572460 518907886 736957359 168347042 929476199 111873953 809875170 891673861 501130827 388084924 949559163 370996356 74240562 887325218 791133421 14841903 250134697 31885730
3 1 873063944 86009205
512567856 424553891 98325487
15 7 489085130 751733805
782969642 967511524 221711624 429373692 134900533 277180367 347870871 110059724 946214815 128039080 515593554 868540018 616763304 799792435 759735267
17 4 317103691 866546666
529041746 301234314 494801602 5436660 99842863 627568894 89954543 407024527 177009088 115727463 289015040 548378995 962721749 654129078 197391964 827174477 96174104
20 8 55298262 929324110
949488905 88042523 649285766 226985751 986965426 113926935 531950091 302014397 904437731 453888407 197945989 989460154 492504699 744528593 396214810 121689938 993209635 219249375 692641031 253893819
10 1 361788806 889933653
986418416 272264840 687693543 613281401 408751598 447696890 750207080 44904200 857864787 881509708
2 1 215785949 270590117
778123879 263203558
21 3 405866922 957170452
208813765 853386102 754758234 604435979 288170191 869687879 814671099 338914761 808208441 525739713 853109214 254684865 130201597 501447027 237670799 28407102 849743191 307141047 942344441 637597992 611902147
21 5 943114840 482194317
385436815 931170691 7371319 900900472 407616636 483267279 218828395 208359178 610196155 693294702 966128603 782118304 456652617 438554154 290012783 684455586 875753273 748380995 198613287 867274602 899905889
27 12 513523418 60166478
504201686 7230322 42790485 283288255 238648062 949464991 145053729 219853168 379132682 420800087 104377454 964775341 618682009 518481662 553814879 911675139 229486880 543595627 667214742 74785323 648684653 643479816 92059385 910201397 479893197 274741941 197284161
10 5 336090170 151396299
828484978 565380043 616178775 969765679 582839834 372770056 568774876 64630061 219951826 912844732
21 8 903051506 790478887
578384287 282498021 898305621 570254423 293153338 968679418 302131498 214058313 515090190 740124460 283800706 29357180 417416616 413863927 888220133 644871131 677726620 687676762 792048907 800673141 972667226
19 8 55353842 666435733
434039089 124078349 526150618 664880938 138765593 952734443 753540659 387459025 663515064 618421255 575680922 19486280 719317228 102844416 894982242 651844370 729287040 389916054 92772138
22 11 435286274 582319098
832318016 372920182 13594123 505376752 95710485 845706357 811610067 85166559 71782826 246781239 150540134 806485715 749800663 265137637 563654810 783495538 137154632 327873755 577195507 815190683 628608980 803803277
28 1 853969637 703301142
396646783 400728867 189680356 51857330 711284854 591027972 689672801 161828614 514889038 702726864 429464589 404738800 891547053 165686449 890625389 802381074 564393888 57765935 558272751 464807486 749419414 758931763 119582887 573402803 900128940 856462387 313222804 342279343
6 2 501317765 890204927
840914783 326209676 603795881 436237053 261313911 673291477
11 2 967127508 60668656
605206768 192316308 112485511 882246610 687206843 219673999 434021009 471617184 636105792 719604928 874295151
7 2 455673978 522394339
210911930 775203891 739433291 819104227 408918024 932991150 669108835
14 1 418078167 523202642
287306610 598971185 233539335 481825174 481291207 625464942 324949305 744713857 274401439 232271963 479183921 407563098 496054304 899985658
5 2 211689130 397773191
901011943 720592765 695569485 323467305 36932643
12 4 112152828 841645491
723241900 203164657 314525511 446840575 841429936 876324026 737761685 828026670 185276232 230668145 247243610 354974418
5 2 664665884 127276216
695691066 431976094 777991373 418436977 848748583
13 3 936859032 142952534
533413702 602116603 253562433 62011356 914372756 622078984 958538361 693110531 65875506 367045438 745514165 146659622 978993938
28 4 356912010 793352562
798492220 168152134 363607163 293490944 398186803 569482893 64663571 961804524 609770433 204663248 139991557 285065792 255852830 637876205 182127102 199990906 246142185 826993786 508094644 813265588 140493240 877669692 932198914 450917441 864812375 242431160 173045089 647592409
14 1 870422329 722476615
443194438 611227731 898411832 955900711 481538556 376303237 11066105 536745 1713289 958637061 636281920 387558126 889489563 515133166
17 2 886735807 822992474
525608420 475395494 497520449 406705987 264851084 24308008 909742696 514265098 148921857 680599241 249141063 894783273 330700390 509721964 407575764 256019132 527084442
5 2 328522872 420427817
948478086 126865332 777328020 914746494 620865003
20 3 535974960 196250330
393520521 577057776 790937020 376666816 168229645 712707054 376426856 897209323 139611771 62321067 354607029 187197110 170935550 491470820 233353002 458030888 100180511 291475957 509881844 66363527
16 4 975768785 374818510
954452095 618168863 765164452 269806260 783175829 532360081 304932472 136705777 137659673 341375918 596255661 553640701 610704831 172353908 977102304 416980335
16 7 294156305 500039496
788264023 906932844 684271158 508926301 773300279 513324120 502220913 691329154 88671118 861225000 708157807 543779974 454679451 444202831 294634567 516830427
