30
10 1 425841610 715792238
868986719 674117904 831555196 977926110 800793591 309759882 907376809 438701200 554187482 366440898
2 1 899097084 977030583
874411310 728156034
7 2 26625659 461696082
397974895 691299830 330567932 9010912 454294924 803447201 132330609
10 5 703060776 568865289
44278194 61569549 227624101 331430434 497622540 163923741 380700074 792283753 729961893 854067968
8 4 825080997 890172909
86137843 928343490 156480690 287369401 744388975 686754943 196304728 289020833
13 2 636691933 417494412
193115173 810763682 142997748 130775306 437546129 294466997 913237383 2334680 127158374 133577970 860825010 236938847 763571531
16 2 752779732 714257566
456548746 871586568 347436001 982143317 434270333 924401679 411038458 202680564 555414917 572125731 527079872 435592807 538043884 885209046 677636517 177762452
21 5 542209598 529094758
6607973 342436314 198314319 3742102 191975053 88258245 355764512 502190234 863013595 316552604 954719764 316270937 107180188 782289291 794384168 316891208 599901077 454564670 724889047 28837946 601598077
19 7 890086541 154485527
28511955 77671911 901757183 757725801 554771056 587801987 62463787 166928903 410642332 364935091 79751838 855305462 347069783 908772325 234729429 345410133 826661414 59936056 492329947
20 1 535917 265194949
604483381 714217512 269228011 40024219 800551662 471098093 111095170 451417648 626386580 481224143 401572848 161119692 851981542 539680316 946827424 334040843 300910302 219811659 633413238 28116817
30 2 746313037 250127816
158981143 627007168 727830812 724071513 151671954 47014905 836422358 44068655 526710532 767088786 342707151 511105670 997683709 175827572 952216806 778285927 34491215 899247237 573062192 661284560 993422444 181138710 70835838 65359104 538568120 423308903 365304816 939147888 979906613 916175284
17 3 837491469 161346600
691208328 587750486 328854229 59160588 517843617 523090918 156525359 107088454 39376661 172244902 255764849 703963801 997961441 822948972 122773944 659187436 4735106
18 6 375412570 774260731
850132926 610727924 813400714 601922963 852422547 788698496 742412599 154683534 253561671 429997127 663349793 634767319 350635586 555301075 507972536 163727265 877021037 828961363
22 6 417249579 886362319
313328428 491591043 311129588 292602400 19496653 640558998 736448596 631260330 551097432 401951330 566833627 843816633 636642544 799834233 675566991 125752111 223497646 602777666 636083931 858825985 25287636 801027326
17 5 199272999 749758719
874732018 676404636 403278461 191793427 552849086 934098243 329470464 840857196 157155918 284545881 145556165 412399586 677810852 641593896 555812708 454385342 128907301
25 5 668407502 279290528
720402289 266375735 154108814 908559285 70302924 810914776 945521222 340411559 309505070 787750738 550452662 217635520 724111914 382966807 185744115 945050253 577867120 289930791 742258047 919026397 1015695 170884703 722200040 269036995 508825267
7 2 794264630 961412582
881452790 174549819 362826804 329580391 737737726 799689818 170458010
19 5 317351076 338319874
330446621 722765010 766623065 341551589 766224439 71416290 185494170 193619825 659515643 257009371 607493797 816389053 650711798 673245327 308263270 690741374 448737055 771073461 538310524
2 1 821144127 46704408
587237702 829792444
26 13 533716060 779432510
384297421 552700463 645978413 41442683 598987273 504293452 971348079 261912524 356757840 470802482 44720434 519455937 273727695 822396897 945678869 523406092 343691381 911973868 389944964 946120321 536811645 908564626 120912952 548476365 887180205 158049524
2 1 892776577 823966855
886778863 34362707
2 1 261511849 391687789
416312060 815849243
9 3 496531840 656488409
668446979 698284327 69105062 905959403 662745195 461132837 921093709 240640658 124345850
9 1 960798699 300326299
742905113 8002348 841039661 804876250 377219882 585521112 57183303 789881656 345960522
9 4 471605091 155034852
150103877 345147302 996127183 449853464 126397601 444028191 406916573 150652209 10156192
6 3 686341208 87353739
501916285 302291409 917583005 974415618 473099302 114411315
22 11 811362823 507253958
558368968 934195718 763361383 928065958 902089072 610000792 145799093 734450489 390232773 4074459 561336856 291539083 597173092 574229658 627807738 36016892 543191682 467861747 923865226 231239260 983726459 290089513
28 8 496490537 896996907
558847992 46768856 292768901 833179211 230160977 145676272 868784564 411947167 707908476 427142560 563021996 219119187 881256792 744494796 461933161 444648851 373583839 42060382 386452700 368943932 582929985 540932456 769485668 127354666 15010961 981721085 550019046 941973476
22 11 721572789 315812773
585455091 368626922 76456158 778579730 407048036 96458744 316454569 306806381 909137482 938814163 327231437 510176712 978008284 233945317 622368502 878752896 763343442 738404611 236195554 661757985 513401945 233438896
8 3 916898095 525738213
936955293 396865538 950956310 837415404 947950714 778396007 915909662 36220503
