30
26 10 1 879004834
80246528 258178624 229143582 177929896 616161230 323434534 136376666 831441404 581396256 354738602 712533838 826219953 673355846 255249850 949186861 697681324 203147357 344498023 478610670 992836324 410503855 897066805 770674331 874729807 247029344 908684446
10 3 1 939431999
280430286 572355081 221653303 411197458 365085920 840905070 944092094 855735177 613059556 991577707
7 1 1 99773518
169540831 962728439 73614875 518190301 415072469 92681075 504063908
30 27 1 364408318
964677518 861814874 2721047 317049235 495836629 233287181 815381358 749083315 431745910 830356353 494243014 240487473 115241252 265161659 439776219 199158549 627199730 968517498 62102462 923074488 761354448 938879084 609281615 356878947 424102466 499222792 893524334 489689770 916944189 639896762
9 3 1 947400976
890195616 987381575 816954941 136450645 101068210 562685481 255862287 78342471 253953694
2 2 1 864280569
308645484 67848045
21 4 1 538747314
243919607 85153640 672630081 238379607 909081608 792284266 776606235 956265827 967554722 726012076 610075716 410652377 321443575 928841437 646896112 434396746 734125049 332964933 139768670 125120329 371834241
17 12 1 425695883
847368372 355514622 189433270 784426859 654471805 528886257 135053048 48333284 379836559 849950853 515553799 382225568 450055092 678499448 258664410 880164003 208547701
20 7 1 346868696
162429164 229359762 351282394 212126909 155485272 779224957 6465747 438006728 286708977 401414216 659578396 565962172 119801137 542609162 637008445 321727077 308586847 998004589 383028009 969142245
25 13 1 925947017
3052015 125764938 410987315 413022793 733029562 189718642 94306792 789861315 908572538 142658679 890320879 504362680 41129563 889513255 857347758 409486129 30749922 853466075 853562678 11705706 71331891 732627245 293993149 465235686 135940191
2 1 1 937824539
23645404 804048087
13 10 1 465981278
284350681 490864782 613142554 295627283 783491519 335083008 392424010 131228467 897137994 911912520 704893183 611098945 532970979
3 2 1 216267315
381961097 98094811 234979662
26 7 1 98610571
605024797 235480651 79183261 626980104 751242408 115026470 776272351 864439938 650620935 939551724 774939956 767720509 504890547 778189453 930463585 961894152 4359733 559262119 222192005 328221951 145714050 953058837 468617774 940480132 987020122 659308013
17 10 1 222555272
376624063 80645721 485761972 539619834 942365420 98792503 299064157 846069542 81409431 111690110 809448245 926306005 860715773 874188919 34757851 747861137 834447437
10 7 1 928271816
477937042 307315461 75501227 814826118 836548702 805106060 491547399 917104316 390084900 84727896
18 9 1 778743594
38680535 646142735 442886165 605109275 230102170 163130231 806866195 417017882 196746890 643283548 504815845 686925218 768366969 347953454 341858317 666838628 383083210 748476767
25 7 1 680995306
286366784 771664748 160790966 88120977 442572115 40405840 588817231 618321495 136331068 65296164 261171607 430745715 460430900 560090866 524012806 379273328 808040645 108093819 291778356 494285230 852510593 157447084 541783142 737859805 174936735
2 1 1 763967753
754358687 496270793
4 1 1 788685142
61726504 484673855 10354216 129706278
20 17 1 5002296
664014312 428045160 762755193 938292178 345515936 390938530 736439629 20814345 913876732 67971731 20628712 925639793 261215744 104165789 337334201 749160324 161413027 454248937 217958890 356512024
29 1 1 523905674
141277643 24130024 258676477 788191430 804465666 599129369 763294304 797820894 677819251 645337013 178981200 978321831 673345700 447335379 784425845 412065448 137812892 258413976 44600156 527213536 636185384 685071176 319132787 223366048 147414995 907893066 892809618 376432797 347262194
14 3 1 796145545
775723940 870472043 98173676 963382035 294301245 893861266 790262773 371530660 673687430 659848894 420600770 500285262 502953069 285516886
16 14 1 939349294
803414214 972886121 84490454 504453958 562980310 266761422 177877584 559609273 849417926 477964704 112425862 248052181 850803129 340337455 447478535 683053480
2 2 1 627914168
505132152 751815285
23 22 1 361854456
188521845 836144547 169282235 952194403 764101289 281243721 726231200 968765365 427941453 6786324 180133263 933872328 5637209 469439236 628718566 523145217 487442993 154349043 150719052 676369886 426760770 276629683 573313849
4 3 1 868982843
951815281 799086866 379026578 528949026
1 1 1 860181683
960029351
18 3 1 43287141
903503318 840077136 65376262 61845212 510199229 395901392 474049304 895082238 267306403 779107277 223742534 283967408 174493826 182333265 960770419 627294792 752802898 97720277
12 6 1 169685417
739829376 946984675 867196297 248665294 458565981 982965112 611928265 26463482 87023533 56287562 106916228 699497961
