30
30 8 484001088 595270261
671205008 231631204 625834983 766732781 463013798 911805024 260238767 15077623 505959728 994704530 190837960 437864769 892891299 525350291 169407395 126971684 889983778 635216522 135181176 336289601 843515938 970830322 38711801 941895097 50974029 935099630 390374919 830724577 426059342 610810257
30 5 310442412 440147903
448500178 259188665 99544756 126395791 164647501 340553388 943833690 841303842 510732370 285029824 242665154 82352617 673761209 105836288 526628078 348315493 617120143 668196203 933658456 317809308 127252945 632970057 893294844 17203245 116075829 567905406 388155804 225550196 848925326 470011144
30 13 515629607 553763107
848373745 364146523 628406465 617346076 954837779 319480927 240985648 908694905 780305331 515363237 405735103 874667750 614651122 706621183 795015424 782940164 975912105 760576776 485205094 411473155 926971334 539331779 768784985 356772545 109689901 957226402 259027754 636426416 235595118 768510760
30 7 571556839 362350709
657169720 570492972 812214114 975963957 518874653 767137757 253147257 623124819 111629108 586540478 205022769 257933436 543294624 318058306 692509747 984161819 710363566 441726582 508184624 291915712 378659830 88932612 754755535 403626931 475082090 931913513 941184978 807599982 900247299 377564400
30 6 901451301 995753447
249868040 511698629 434114750 240400452 191708493 653841879 883823238 884338641 244366912 59560877 981435272 731123655 521134326 9205146 992448113 339456710 17951297 105744551 488349384 966324870 779499165 743788067 729528888 597787102 561695541 656623256 644973464 419932267 188214692 930300077
30 11 142779997 38192101
685345419 102404311 673424627 351917198 416720626 907199550 529320548 184559308 43973578 161101927 667307911 537587421 820258046 113508771 129375348 817276155 335383303 832049309 574925417 46835786 265336631 829658922 946803486 114899334 11521030 44559716 773056683 261594729 219885065 356948441
30 2 282722237 426302399
327992797 510998304 550497913 384749073 59176341 651919413 156388935 254239597 480085988 87843948 233526645 158638030 649408803 286510565 580643524 24786202 32712432 165396575 439182484 638774268 20062830 300828999 397402604 225287677 207994756 76686707 32018114 426162837 944724642 894932210
30 15 953106118 570258139
455057846 955592829 150272981 739532794 153275805 352138550 932135565 325894402 481106757 612776798 630742561 211568190 4964549 317741830 30758544 135030341 950119545 37279509 139022597 291959313 441224929 14607323 534271808 232176260 781167069 429874180 126420038 124332388 160582872 872781211
30 11 64198254 164510497
643046755 259689706 443876260 875399823 317235263 948535009 771101845 872019288 800893992 350652227 860393064 948203571 941051486 804720199 912719908 653238028 584645647 621980138 375547525 154783592 169681706 38354483 498387343 151556021 143501551 265176303 680877576 220830977 579849929 640382157
30 9 296059666 521425429
622641186 777601037 235922362 433493700 758153371 253722678 858703376 749452744 252588154 937770985 143905743 689814198 190896415 17671117 162105604 154930545 375829754 638445977 999096510 693832555 652960002 76031987 764246794 508867384 898589711 492227637 844979363 457984068 274770898 462780494
30 9 526398707 510885931
49017194 584142502 362343017 31551550 15419512 76269942 793556265 164992581 572704767 666954297 155740944 877636502 780369523 989720137 605368336 175135816 722393341 638099966 590907991 455441193 176044729 418377966 281586912 89971092 221240748 697762775 30327759 337781971 462401876 104838939
30 4 286442327 315062083
100861663 687599974 220234953 780204113 490322445 694377146 791903957 450443238 875112740 90660091 981760825 791584511 356586354 473672495 383670403 906657761 97868952 51558275 317892656 288293270 347071293 293571572 613612377 685005478 966912991 169405661 849129548 917423204 856502443 950278715
30 14 499441775 679705127
554103497 15749924 571511510 81617412 983061650 11745296 881780327 538050296 262721026 547366566 453036920 284415885 835663547 615383541 547169500 166359714 459669561 288694991 137011927 23676930 629739017 76964432 428021556 145924861 491175397 11494164 801827683 341866917 429013354 495471800
30 9 642579271 198677261
96681229 298066632 343373274 387991160 948924115 855126182 430603286 693459771 740457079 88056076 931359905 992114426 417212994 673115658 452531071 761150386 777964739 944769269 185095542 234066701 885200716 679247864 412391864 907227115 688849927 541623033 519635750 440213315 348552087 481360873
30 11 741250587 111995147
331847900 535791576 963867537 293546662 191029987 766686289 348533998 116120529 875551383 640216771 944727408 710289968 899014256 494194892 712322421 164460283 430945766 256608457 577595195 143114279 914668238 305891554 232828761 142610076 173538530 847393612 855962939 817561382 304131903 987087051
30 9 299431391 21661849
609889766 887019903 809486599 28763021 677622412 738809046 9566925 74696544 517730223 264937023 927034848 738724260 896774245 41087941 175387431 274176124 93237571 628975667 234326033 514441459 428970516 75668940 403565780 159210615 357936145 838382532 236100493 736089869 688583422 610940543
30 8 537603013 216942173
82185744 829338739 855648582 844640429 23795003 830058351 346466662 754359882 656212306 617473384 233297757 135005707 859413053 267055486 295535298 158154161 682811600 741034467 283818079 569840435 764783649 958208641 370153963 585002428 624008503 392489978 599874508 9170510 29940656 566207427
30 8 988386185 627952387
63363528 225440109 73880171 442994671 474721819 561678723 356725802 291725329 130696399 147439464 45669588 646968975 931769786 853095560 361717035 460773250 755772109 554276022 540378609 190328706 677560807 785321717 936869813 647298609 874547365 457233438 130590556 465021345 996565912 447801939
30 1 343146608 279230207
98455396 693773213 994880968 640897000 195356123 242318829 462209572 499053765 327894347 802754270 286147187 105150237 215973896 668366669 82468985 792768885 308601312 929561675 40856240 242794321 170469477 238500420 229550324 756521550 557862191 279843264 648170504 150170874 505821848 501563660
30 9 83816927 453873329
706544180 6166741 217250937 274119731 631614050 782288284 105380596 727514379 383586957 573198865 883974612 793011979 104837222 637242322 530807141 474783403 670728663 662097817 208064522 410664874 479190211 56238686 244221807 442845322 439208179 344278712 370313510 116991836 492891507 934111394
30 1 83038103 795818789
19067383 383287085 59048706 2812646 241470381 782166853 844023292 482913827 99870904 562109141 2385391 594702988 229763057 273265325 259179984 576077173 582711942 924946071 484616821 278537667 682366865 441083803 407019994 72302195 638723816 672850248 13289413 781911851 968963137 971160137
30 15 332334 856059919
844651315 659342715 528379160 829938549 274645304 637685770 523062867 94352757 238450728 669275174 360610485 936330059 900457539 827789581 142606893 863784784 385226329 132987368 932772441 20134828 320259191 754445357 973898328 154533873 780753077 59141449 648927781 476477445 14284259 178705142
30 2 31042566 288001153
940669651 397754186 645859377 280568975 792016261 130996757 516787446 960668679 784548386 941272273 232841660 630187549 235899632 474666521 293797078 314297968 256486823 298458840 684555841 306458948 807613872 339175402 762667163 127261984 455653142 930271893 18434775 933458722 582043022 637106299
30 1 457697865 92322979
705786686 572226907 547845520 861090917 258187403 479747510 313848725 280372117 168953189 345124174 98090583 477249324 81332260 242673273 908508735 772048035 234642730 349516956 721236682 826532720 858151240 18442254 416015738 559655861 482300338 317793940 492022680 80114421 894925665 654129654
30 10 818325722 15734009
662446536 860323709 372420850 533981606 433961008 73462433 273541651 426178559 611125828 986602393 448181915 426079138 514111321 15918280 424717399 64945817 844432825 664438390 202904775 509566636 495228092 790912003 177173049 867109407 40008245 957203271 864514392 188273478 279038861 778778448
30 11 942247671 538560439
809589995 926309719 871262440 492919488 567690600 933582913 218670019 908469220 559478160 498496498 189593923 755041066 783776944 246244015 30458199 390809441 940772535 386557495 510832202 180301959 327558147 959929628 113003273 629302351 236224521 77739070 943449524 820075415 924592129 407701197
30 9 213765230 817112621
830657695 228520521 865683363 487862482 683139086 879460263 408835618 295894714 236147349 809629348 355683461 121784807 337611394 653618067 349569595 393150069 714622534 63116167 775397130 615711192 148262418 760395270 703748149 585779973 638645437 746001946 57709430 536553843 490185129 118635839
30 15 862768391 772142933
326384085 430349434 328073474 484268388 589978951 536492590 458693063 600679114 743675437 25484849 510187994 441489710 877255109 731378399 807610085 227516183 662013539 766495472 463594073 662321337 782962886 484757966 265552041 580247576 447253706 729914768 411969683 807129047 769598525 369278985
30 1 234738084 254931581
200116876 545815289 58284892 605096546 295439588 998241731 970826079 689851500 569175557 162327409 288368724 334226190 877656174 285989445 507640937 820065651 243944024 958777289 127614269 669157101 8810298 352911550 645315917 858068164 388100506 551765786 59398447 425087840 468539740 682663738
30 7 560155245 723664423
195635673 175688896 807942011 713117820 458124131 835450370 188166322 383704881 326230715 577948142 115531280 468357255 118653487 809795986 210919029 422553857 827109378 242578604 541978024 524706616 699755710 724501623 132283707 37466686 112603392 285287256 792224817 226264453 527848160 636680259
