30
30 11 897727033 225235939
977763785 974444536 925076541 552616556 40326201 92612773 997955042 5997425 929243640 980544168 945826733 449925239 541019733 182723307 271837189 792942671 614962410 879768154 797753672 396255668 393416708 983422269 223525455 390959887 325580848 337121639 647746424 899473193 723873455 847355758
30 13 214536522 196510169
754323834 246793913 68052763 799099514 322974529 217649852 204521941 840307361 180451949 314911571 854781081 489541595 387285941 33476896 405635099 565258416 164386344 415724187 716046165 164683764 377207657 693866839 138769592 448303092 22665014 57862883 179548284 373020962 782579081 276744866
30 5 381466836 382384741
830359337 541778461 103083735 1633230 504386014 553949486 635801716 486239708 127323375 363491651 902670464 757156564 512320867 754315551 852047853 94161857 164233762 282018416 834826058 881899667 22823740 221412284 816918549 748845229 273391666 862221740 26189112 144713695 213251714 973563163
30 11 778252538 395051257
836502889 401627886 827872324 893085023 999493948 59896866 386341047 645963742 985899396 910630696 220435443 945561592 390711584 35744124 725189282 912677842 946141569 695643860 25437587 512858997 357948561 419132152 136719931 175378859 431940210 985322367 5721999 240058501 269394256 570799045
30 11 530078832 616801949
771970223 58091955 642957292 219329717 547198289 765955736 100490148 744059127 376064036 614276772 829131821 982208078 726712778 201261241 846458022 852754173 396676052 713317549 899296099 619384735 708862859 985354747 528893881 607659304 668819900 374776517 136273924 114532499 834916224 652619977
30 10 405139091 774017039
463957480 537937171 22510589 978848377 502268775 983293901 485683383 349763907 211544376 287672830 633228545 508595299 221937756 50905135 445546199 297701823 619203249 98832404 891816425 104771918 824337271 7369010 718688576 355316470 193896325 132797983 360162007 453440759 364945303 64540449
30 1 802003640 116734663
620475677 431128548 399476536 129816648 69378013 340654083 811512897 218218471 846735234 150285319 674408136 898363869 616889386 487003173 463206980 680902323 401602272 934942424 881119804 775816226 89335189 75437915 308218035 719343544 537904387 315500530 330520477 483823231 355576013 617964407
30 8 299931938 625230383
882233480 262656382 977753013 946041275 854581646 457212145 180835482 309294694 460942661 801374932 60243854 880401862 186851965 484779989 353887479 241927386 526396613 11185801 875304196 272426099 224949341 333234065 462140729 484451626 354757884 411745994 765887427 689057306 511565214 395043853
30 1 657606254 357805961
834843541 199391040 13762930 506860104 125200202 135038772 572458032 538281629 817186159 366743540 278381388 503959212 274775698 698400057 509048776 557063103 415753406 764604101 686608909 507472501 827943722 277407472 633529592 651908916 702922681 96611109 946187779 245154677 835977717 167719100
30 6 28796382 691907177
336537550 780361884 145920985 31350014 368020425 999273278 78292513 305113829 705901311 748717799 883451384 399551660 721366362 57222284 860444383 810105012 125346080 67623872 972216156 145047874 137815647 273989443 437316532 587098650 488876679 604921458 659234015 519247441 607794239 789435428
30 9 16448974 381833891
134780951 213066855 463233670 511941331 5052807 731633362 230185162 607769722 21576052 70315062 704211229 462448230 742585809 929823405 363849442 865319720 279924107 416773494 922358490 811560154 359984700 747573680 350458606 313592306 849505775 701965261 184067270 184208586 407436248 946583159
30 7 640100388 170291819
429172401 283435036 912032695 526630634 334821047 862069450 905829761 40534009 431189370 474401470 883568274 565201629 226699049 765428442 932805977 830200228 346682027 74696066 96836654 175952614 97331529 434446798 464248144 962795035 142121132 736932986 450510025 393261065 413408795 249764792
30 3 933250306 997256093
943396170 405472738 903091032 96743410 266243333 647548352 935796864 105977116 273127151 980186079 166045811 767618981 123435815 231566766 547629165 280701382 210996440 415150164 293400052 922622893 8596549 653500606 973293977 912821763 78662373 967127331 995765306 142895308 247029335 569361608
30 4 441777657 74473883
146990071 831819339 458319313 825108395 141498199 302283675 546825843 235236613 498438944 866564743 786460206 647552903 442752093 523157036 287718118 232764011 844641082 872004497 296774995 230133444 871440932 757196737 500063935 513861725 31463477 696424436 445950800 941110321 451619416 894663893
30 4 847720688 790004999
718253865 700396418 19911259 391995431 880177470 231690069 48809983 454574130 525622244 595590781 301027323 98271343 736677337 198746752 244337459 700952387 9650140 252171265 686124225 229942211 486401828 837703136 17198095 988951994 448704150 700041565 882882218 359798145 262946253 386723902
30 4 998154636 475702219
141646069 556837521 958482097 218770873 283105063 325200774 466279899 793987269 75478640 646551651 34594110 518330608 484456131 655644352 250155670 902686149 566145949 10030156 315983430 581175700 486373133 523046617 133462157 86424898 491563208 931776768 298114045 636433538 97067470 442378690
30 14 201972007 956655143
329723162 480060483 371212041 146739044 8100953 779954105 304396592 378946755 918037245 329327007 690061165 821680304 868803645 518013027 118179052 930511103 870227486 588097314 750698805 771612317 534984451 579254963 600259836 292378435 899544483 315824305 413740515 393944320 468218463 786736656
30 8 975917744 449917847
48313296 707140632 454516736 245952140 876097804 481906153 885164645 622929080 2372063 874478900 316786425 788876795 532683098 440639497 262772204 505384874 221483394 899145414 37615157 341923641 321311973 946218667 986483100 752345301 389325189 293093323 765723300 388751163 292849603 867364963
30 9 687854394 978006151
197275842 132689921 888627737 659448188 894767127 163760426 909337990 272324192 359379925 535969999 467503805 189541463 499895082 725892553 851631082 448617662 216235096 392140491 970954902 900629415 127206081 194151930 79315208 301784086 786771704 676784946 905081139 530373073 277374951 827405748
30 1 286006849 470454923
830686557 427014371 378577348 206165022 140344980 578965959 435033166 782380707 217929462 534672297 626973452 353537467 490603453 154021959 890442429 114755978 770422272 346761830 968483835 310260235 988075079 24630127 232916270 610571092 347663154 232548910 540935980 834138087 859495555 254713164
30 4 314294725 817458413
18265425 304071482 297899615 620195561 689057284 825570415 500753224 222797805 489977618 269919508 726194911 269535486 302008305 616957380 160112642 533739459 184466770 978205482 943027234 192886432 5945579 837819240 111727280 558518853 905860831 329644684 56720390 348682027 923261739 200428421
30 13 510310634 728706967
785308916 467832617 388282234 784010272 186413800 363875710 748789498 522932435 682556730 128583816 502790154 309703544 330048607 577786545 925690597 665071586 192409740 551292176 4699711 510196116 377894882 302775438 956110446 787484832 765726994 875801195 443444990 549792530 469111169 859975982
30 5 141214501 497912699
100143071 120837806 759013704 698688418 970612067 232762111 414762656 969992241 300460048 2891942 202228551 21850067 351783937 967026837 14429455 888876754 370072314 46261171 11053098 355186904 596724688 38865993 468968627 598867933 991590657 705128375 442422576 975863586 599854740 840404643
30 8 919928079 747668269
598381183 508516088 379366329 739739080 840084240 226071628 388290 579418329 64338120 979306058 608479600 702604768 52138064 767327893 215444337 300294978 394225418 379725190 911504299 261509724 817073800 928049694 461202619 296880080 180750059 492596720 525799053 581137143 37897647 29024509
30 13 25900934 881638879
758654636 677211554 468500645 682692307 930114306 165293412 97835022 50311941 389207680 793683624 224420659 68755324 96366493 251980230 390622943 800248418 379128775 975169600 256460753 824547358 160405655 577675563 665613400 638155015 337137046 708234398 675526950 819550945 531707859 723826849
30 8 391299944 398784553
143354340 278995029 936041884 200733952 628150880 987617666 606327859 344259576 998688431 119031783 435833880 808750734 990172653 167516745 375012750 868587686 557302123 918302569 191181354 443334026 487932445 326017825 367801406 452185938 371745914 999189339 584933703 302613205 129846826 984750924
30 14 443805387 964265921
258475176 609527661 644164423 191810200 323989258 540914675 994645630 161279846 497181515 101194847 858447899 304324981 827811679 474197731 652955654 295670940 163225751 172832216 878500254 140826898 372599442 831772229 369215380 356565434 11359905 364330880 53040551 572990543 866942632 46848573
30 11 91931394 780199499
988201915 719074022 397269246 74160368 586778816 914232871 869720343 339866770 76063892 420549817 67772369 648201795 36657916 16187201 352446813 237249620 201844244 56862341 534066529 106683157 132453132 400025311 425553009 583192927 688047558 411479928 891168667 505803576 373023471 449232905
30 2 116786804 69269581
462741984 148625111 450464979 414700441 632318927 697018817 984628262 943344731 32217592 797276205 888268600 337825104 316100659 727350319 42780808 95981026 828749569 388266209 848012556 134694513 266387362 103895095 478174473 443718270 25985627 942143698 667026555 386815425 265204753 125680991
30 1 303260242 583115173
128448507 196914769 771083237 980064804 797086087 810001676 263270153 336586017 396982036 588761630 662242277 201414712 384374738 721722868 67011185 129352441 651264627 941330560 360324493 115915151 711768727 925432310 832024958 377858128 736984075 112362170 145293955 451980858 607920246 16274014
