30
30 14 439612874 439141757
330246027 525455222 428969122 601539485 935077621 773325764 581194351 494951533 276949793 645836748 128146916 221810977 947378299 452956670 74988370 855174814 767046351 588636864 402647175 314825478 249856886 688585014 236203107 419796181 7785267 710871400 202610929 77246480 905860356 192571816
30 6 776505130 430047841
89611486 914939282 387852770 964094524 846010750 751650187 377506613 466410080 3771600 655911564 270466521 566359935 464580799 894048743 546590347 302171691 998108762 159666625 961155440 21881406 862260107 120054667 818415007 320004195 159141783 358939616 75841037 199968184 398106118 248119879
30 1 877091782 340266317
25107932 615484736 905929537 624051808 889513745 556779969 272373803 841417370 202668341 557174145 234728788 825989613 529368329 566968883 656376648 41053587 511660537 560998606 444723216 921210239 592224587 101830762 874152498 361500597 492886602 2873542 452089276 337595235 833066890 943064912
30 9 945392897 900399487
336630944 552787695 331389153 723832650 381631020 333355556 815119638 717137836 367157989 885754675 473423864 104921669 1034011 406373004 745147768 148616413 64616233 912927341 861340896 545942023 122290616 618480186 859741294 875723004 793867949 731763117 655712026 849963308 515216157 342049781
30 7 514714536 466905527
406146412 896631564 177616323 842841256 381820386 553721383 613270502 347495724 835818645 561894408 480645479 446709986 175598997 510551016 800782390 606218077 151783920 950903157 940286393 123061440 886504564 634280149 866467078 808011632 691573985 617158359 679904096 180665120 729636052 85907833
30 9 770360622 249471539
704999442 776525720 391508933 910984788 109743240 488001286 184906262 656596180 275870785 763497590 727549836 994021954 769224196 186658973 951168532 149502037 377421649 25727318 357496797 67568668 44416524 690581500 498413584 172846989 632806540 364043519 58732343 952151596 584062300 204184693
30 11 27603899 821464597
414297921 171609177 214427628 809230112 271615185 794456725 325888871 332230329 494134156 860142605 894372194 138998640 899685454 759255908 295478181 595155944 282784287 195515394 653683213 266262894 513805659 470923811 661896599 835309265 976898537 576635580 464563583 577029811 555526883 127239540
30 10 760183693 373707293
539230712 516716773 900136621 700266488 534394264 813310720 938063585 778607505 379118438 533271841 244655976 210334684 834714961 748618148 919747726 939882579 529450619 941405379 890392462 174447300 410206634 129821887 524444430 448940090 669399569 172235098 367514486 16069888 980123942 862671161
30 9 93687338 213647251
158748760 578883343 820499287 622551150 273941560 612373232 236179388 28479238 856350623 762843002 473937609 324026316 700119381 684145070 136273650 810675632 634256234 636196864 289818097 945008354 669625632 179953757 807581690 415407937 135063895 605213323 458566207 381593801 954887714 66536281
30 6 579292775 329267411
520964573 833834482 74742699 72368718 623386933 657336057 163829962 583649846 177393088 314430107 698374160 839432750 669952276 977667445 682351341 65517357 377849359 288432657 475406679 755282690 619273328 663245774 824626085 250181368 437619103 619459014 449499056 769950223 555463852 305701218
30 10 406145539 550117129
95068755 745666722 884169029 445649858 771123023 902476653 231012471 657297138 232291219 478496210 461090335 694285886 545981288 995701727 547613919 564193051 143750964 552066402 243763074 321919149 40841134 901226910 395711118 300868760 605653314 59819141 204077875 498842677 391092200 826282027
30 10 895195191 618383851
552771263 126925602 538730629 589677959 477185705 158099830 305531244 599285702 15171753 744301600 403039332 382706692 171414265 838942290 731279049 680759706 74531261 375783329 738238181 848355799 919031577 455440232 174406799 20289734 378237791 213769879 273589853 515488019 5421127 514393015
30 7 446595647 173812499
656253219 590056418 740113540 896054247 81370870 528244762 657557961 507059456 419886160 526567208 287195797 30385314 652337016 871744020 721833608 47244 219034263 712933174 133622895 752112933 252151450 104226419 341380252 572816255 603515778 96518427 878565044 584537822 347238073 243720
30 12 795051909 736250221
707969550 186548055 274251659 666948501 881006298 126815600 49453132 982987491 336470949 924602114 360701476 367701423 122172937 552446801 665318716 513699172 881557350 729565704 82354231 789643205 78098322 841051883 375156009 525893409 445390109 257124893 382644089 993197310 199135002 620494862
30 15 68765925 15194441
645056685 318618301 559686831 635190094 825040682 886375885 2432323 688256064 68807117 122649540 450531361 570178327 737877726 516959034 604201074 803735899 587067007 421862398 869311220 721045954 758246996 244207149 708684289 601931151 179559731 767589161 336247633 201710527 706799897 68747047
30 2 669282273 175902619
982712807 514529094 645714738 583347941 749404640 705559105 163287762 701242303 735408157 599308658 932587429 356455888 503982494 933954407 523933631 886489002 974763534 539440815 216026725 319765788 781147137 650922193 947019890 815796882 798088126 742917232 882992979 118062485 18687568 909917887
30 13 201983544 737484043
192712861 903064911 503133674 334324674 576181183 345531121 776782876 915734807 787581237 423544953 889088797 998931323 260416621 138922117 469163755 986346771 953475569 141861073 84412110 265132029 691559904 350405702 5185748 92845495 815609473 407919001 322102039 488985570 175910918 334166748
30 2 5164946 134398321
288714529 301149418 327055549 835699503 602808909 457546823 226304304 815163436 219795710 263551648 229337705 940513208 64105916 215897592 652796500 22299816 451382495 862384038 508457279 459186150 148052725 797461731 456114683 463018014 588576461 42350478 917375387 556696143 788750167 446812809
30 5 937523886 931753301
53475774 535840908 861132740 690573933 538010823 551916362 667167178 684427411 390938019 416476523 660348270 680260214 158003364 933419384 258859024 329299330 741550119 235059591 393212658 301019650 584417989 867850681 922715844 459864522 630994644 269257723 233911179 432281274 830394236 796905437
30 15 384957885 674245139
303313676 122355009 588913741 907795876 157240024 132846157 197320665 215239533 189933097 534097758 473128104 609609886 784129930 138997607 638357007 540905690 986156853 980117420 406018746 931515040 949631492 732100487 582716983 339695924 537031745 952795666 555147440 454756478 845553468 998839300
30 6 853011830 813614797
434316845 267731842 248293618 930866499 805822436 938503666 972524642 85815805 75168014 318201730 773484410 737065489 434641410 884122375 796682933 363049497 484838350 148671978 628880756 647541209 833823185 75237341 693068332 828687151 678017966 921529509 198525983 707204190 808937213 974339461
30 9 602601130 719257513
613024035 820525280 622836348 282020112 904906035 268923995 121414535 711122570 787357085 385245787 457373032 383929558 828198249 23785173 439840270 958614539 10340368 845820359 415692186 613248349 102358066 427988695 592484500 830106015 325885626 901751210 812705783 430814090 430212345 504583225
30 7 45361824 486459497
902991958 896914788 329873501 818680879 162204336 825070130 95991445 51047963 714979185 165238226 127837526 697594134 630951751 292663577 470614435 77722537 640494671 813914287 884144060 413631870 891715345 351046825 800449746 222788605 708948500 143096478 881784279 482806250 501314693 741883570
30 12 776403057 813272773
221949894 366891302 928879077 711129029 568555893 261450777 332602180 720945731 119685138 687610893 521291059 161694691 873695532 638309941 613071693 639880768 482762374 681171226 955761666 241970491 795452993 247927505 955512979 91450948 269420321 696868218 512425207 831002135 449573285 186657851
30 12 371275760 709401301
461866213 643946617 787354473 295873561 405590022 351960143 46992196 86830480 131484917 829086603 545868893 157497920 510843624 288310900 464524849 959940583 647185125 682544745 414547300 433591176 143833103 110536895 123751168 738059741 859763862 422992796 420010128 987459378 94525950 232787923
30 11 728707261 745561643
819340031 562586017 823318672 888341082 342780876 45310387 808472738 710272312 825268971 996989157 608248489 852011601 753617271 481365429 473999863 785555375 290162044 108279263 491249294 897235234 427861869 208056172 86666046 963730009 22010313 89527799 436272184 841461392 63620914 534885636
30 6 37893071 329955149
140255264 945641203 85983099 871161415 983811026 851330335 722402490 661205637 567961188 163937645 18225334 887868958 624390130 219426475 692923329 131978894 637197437 464685885 171320729 561588998 359978852 902000540 596761701 325904548 43485917 732722366 515975547 144048243 808936830 600163914
30 11 204780897 16751347
734789625 713977583 194404163 495820861 958794707 259158294 283006276 362285652 713120960 209984237 529511890 295411116 875610172 609943539 578210089 465900392 33786592 789802268 137388990 213322848 13048905 318552055 408941932 856196563 597033256 48474425 768905195 619172104 510835249 820427704
30 15 674445174 919199911
634375028 445911317 890500877 740702832 427652154 41431748 920236727 679520931 821344673 674240850 780111904 567790421 755039910 718452197 580326392 6740951 933932647 222195494 668541927 835341904 655284191 365933152 455780336 692525594 799311792 189231326 905556005 684117281 289651 376582182
30 1 130619740 249144929
161403069 943075807 224997631 670023439 864106808 451501252 462221944 177637365 230994606 576718800 675043961 821489 521630199 154105417 991513929 703851804 685022766 655553927 332371920 6595638 206901552 437205540 868842064 40628399 398019718 92500107 625616922 306429750 908269864 10199924
