30
30 15 100 60182731
904972603 864945720 783175178 955749537 530954009 801093738 121332069 770893457 870960508 981423349 347150030 496011869 114284174 668901070 30436009 783542301 941716962 843147574 510345970 41518133 600770515 431674452 507178150 931009947 213400782 696443426 83516824 463030034 819343669 745059865
30 15 100 389417587
526711388 827849933 77478355 353452932 297233912 698283741 849092182 155409294 556062733 86925024 110044709 648912784 338674087 526986532 807952775 473489132 901472501 750284441 447994335 523931574 389435415 454129699 130190805 439037804 113394586 926658439 523635081 937440588 49116274 22906711
30 15 100 263231831
103943444 158053518 54492590 86826783 238854068 854439009 295557997 521538183 422433967 737428429 478946512 226623162 226419082 86884130 997334481 306058879 312391949 456588536 128760174 40054731 248200103 890140498 670827032 111869389 698262104 731886043 432329090 672690063 743294891 442906066
30 15 100 159516259
487416944 407821005 473102676 718294145 352927140 382923523 651525039 79801707 416313990 857199117 595407023 466371917 639874351 854899524 85236159 359849229 602044434 780206411 532434611 552091105 363456849 826399698 639583000 513742960 569736054 814500790 686985356 88674434 35914629 872217303
30 15 100 279535973
451524666 140496773 264876058 435316277 188512689 688368427 982360237 127800219 566028822 407370589 687559974 813768628 329055321 631103157 357181597 867974206 341036175 847380273 184582906 411475310 773819461 377493173 493941274 866904981 618790943 298837238 526721926 451354454 264749017 291888059
30 15 100 609472807
863123179 662059770 656399660 486829220 319230530 570494524 613970665 743047169 490737994 587588931 364704795 545370617 963960220 782086011 438844408 955878863 717101829 993335381 123170230 199120847 83866911 872455530 366651418 409681958 53080844 868767136 828789715 203310479 933461646 280486703
30 15 100 608654849
371277058 740888721 761531404 200495715 328698884 781001446 869478464 905878986 940698570 441710101 330365215 420529755 978417218 62070804 819642883 707352101 653599515 808770600 970588277 330018291 19603309 717840128 494719299 308579438 869183490 141568746 158601563 30770344 178835762 768164946
30 15 100 249713041
831618 691153489 67599985 570260266 598913882 163830560 641456055 819053335 273330117 334893004 904598979 819983065 81898177 119291481 997288766 307308274 605381917 152285692 657892850 940605523 116120951 534637166 692677916 16916042 905826614 252698731 992792896 509029379 948685038 536610356
30 15 100 340007243
575087862 936500366 786625130 753242215 492971810 365272901 235263560 914929489 749751517 517165371 486844431 511763348 833323786 750693171 59624103 184348852 244842978 549693999 105263633 365539100 926959961 119371939 310129671 377639814 789603471 989943591 192598225 334051491 366418955 549142295
30 15 100 304796347
102703924 10099229 196186666 54065213 838250867 670923903 57642297 232434815 85087735 665404316 747068691 126299408 983449790 403079776 356500720 899590568 716312052 819884898 735354277 645056715 95775915 516904214 556847991 987528430 954712777 25558835 841464169 295938972 300987232 412996075
30 15 100 52115813
276837454 69963320 745970609 229984343 959105608 548892321 449822107 464080434 903824411 872780545 621049603 860330433 257170560 106048476 953915964 887038718 601486880 191197715 144320426 119327487 470942027 208768366 127126807 777027638 832546493 386823135 868961786 643042952 682256685 334744073
30 15 100 407262031
717519004 415359608 700862261 833278735 190429840 569583196 674259816 735705191 326505885 819698100 52063437 779321749 821781936 773912835 759875311 132619548 660266134 178784304 907715953 656451580 907183651 984670648 809828127 49026173 474411815 837802643 125502512 800706119 622156999 551919233
30 15 100 695048191
855439525 902835327 45943644 801869059 675930991 473975573 885601735 827554854 232802467 449867639 99147650 764552761 505145820 756024681 83048809 387140847 626651359 357398370 540548203 323567794 10025965 78243891 976564629 781817740 89260491 829512462 820157595 18103153 154018366 636570116
30 15 100 244690121
598123908 82427164 353989528 173714306 213065815 328544480 282371179 454863777 608127920 756468206 989837952 362098656 268286935 401509838 526708074 169425745 495509571 137186520 347566180 75811945 346494436 500102364 676936560 509601075 504166017 785236936 953833501 182394215 577623927 132883470
30 15 100 19842193
220189192 470229888 273058940 693702683 813141170 405612512 785626590 702966484 550943500 818720164 611072846 381890423 715314965 953186194 806767200 107856446 800273586 350705830 22922909 892196868 686722533 103744567 374702864 690560059 456124943 346536118 124814192 851586338 542657059 638991057
30 15 100 594567593
137233752 689671026 398348368 867843074 392685894 832033521 498686385 784107427 494404815 914230970 345978752 88969760 399213148 741568770 102342988 593989246 448809737 890993160 133049729 6432862 144657083 555309998 340759798 799954389 265912714 25546513 943095419 987387144 312964807 369943777
30 15 100 194204033
964451378 626335042 148893200 967851386 730076941 956294262 277332910 432282679 699042791 489201344 736606689 585795963 204792373 459837164 141387504 179470169 199140280 418142082 569153334 640381236 519846787 443642207 402792846 191024296 131904385 361870408 629158670 269679864 611574795 962936288
30 15 100 518573633
774120802 676051222 441063954 861754246 939768538 315522606 365076071 245896040 573577135 493499369 11887635 303939221 640912032 102450515 415178631 256265962 19427786 432547287 10482823 976931894 981012753 582888905 352917348 8244468 154242755 960103348 165937876 35892302 776503193 336399823
30 15 100 750426853
863530053 159410121 886587724 282084136 534014331 728866616 278505365 930414423 929359113 118947085 968008708 987877421 771030667 156026891 144890405 148491008 885202740 69368189 721210031 341568538 253836286 591118900 515704028 459535052 343707357 967536504 132631179 818485704 133512715 582906879
30 15 100 155788991
648702977 35108360 39322175 787373454 340110749 825641921 739163185 324138449 568278281 143831134 6101751 939878278 227995925 377228552 285025458 432658564 825368953 190667357 293289303 907613646 533153788 545230393 947753713 927630063 714734235 338210978 102839127 341122665 115338504 552434408
30 15 100 168486163
874852092 86773866 937955764 43558027 541623790 481778884 34715174 885336635 70611349 96815547 226496002 586897332 338605690 700032331 482107405 518497881 144675927 71175348 390450746 627983505 870038944 699535794 844730629 775698959 75845869 480121943 848496456 125801869 845329071 160029909
30 15 100 712670357
117709710 685238709 635836327 875366418 872511017 927117703 912058506 725266878 40806809 796133546 398936386 366842112 942754221 280474032 525125460 579545327 559964152 27439153 951487199 315524387 108105305 495819747 550919574 167271824 150650714 577996994 135130124 261058401 757568543 279167153
30 15 100 745132703
483343602 319397832 200454682 599468430 405025394 350202428 786042576 210875410 641859911 962121594 503686461 435161973 676590447 1116512 346380981 298426492 362002493 441874010 245482695 833466416 451356348 141659176 730690640 552627666 949659631 690221147 46989329 994683915 454618262 326693459
30 15 100 530951923
500387683 821796999 857533140 352514445 737365669 205320059 20218354 622033056 396960373 879200570 104039286 615691783 525714687 956118582 630316994 610688117 563880278 898831249 524118736 517259021 108222541 500176668 386559281 871477990 164416038 845562570 461105993 461610312 558679002 464156321
30 15 100 109502813
828369060 678407792 448723632 834655690 728897068 675157181 4439377 462186749 35917125 332442770 972642160 923627585 309710260 85144230 957781208 571870279 805396751 554570396 723121365 406194760 334729715 303857235 644094963 18921736 579054292 279409509 695017756 600135786 909634711 998283275
30 15 100 140031101
869728873 64091108 804793014 217672175 376616119 904527667 339988131 841996825 482436858 960053452 172462586 112951260 992172086 903392661 829727166 304287603 242962982 332184462 772141251 851906404 1393548 714054681 328009999 329784058 746167281 428405265 297679393 495021900 721712190 793471564
30 15 100 736291309
979014088 728891459 861191325 156885337 114766967 554178929 3095361 954811927 638449534 242182747 142156227 881304126 400673625 829829787 821202226 732268854 113671591 923429517 389846494 246334806 904800304 903033561 57734393 327030940 774660320 169240698 982887935 197886658 275710997 559313837
30 15 100 401028023
548241707 66813978 455632219 558894488 320579447 507286378 556418771 362075013 233143547 220125668 286076805 360245033 527480841 917507407 973558307 885550463 649222553 365297731 26841756 178587898 92177815 522594480 144092166 305422403 604348281 303016973 271474345 618416519 316181451 257953082
30 15 100 174082987
710372261 431122045 989792112 324469240 811558467 721714066 732380786 521973776 968073553 565522385 867171219 997105766 75632046 195336211 879909170 269944784 34461994 663164926 832927899 84508088 148452910 327532976 987482305 935415881 55189161 615174161 131963072 381242166 35072391 519636533
30 15 100 169915937
41824417 729422311 488735863 601358342 683984989 889292470 781752571 875216247 262748916 176851893 347643353 723863684 562347007 645858750 105412153 484410398 790050176 743016804 782947059 422881994 42125629 763978570 941679637 919958389 197752007 523667637 49808360 11547013 639607064 572969088
