30
30 2 200 743231707
456111096 408324697 566332906 629963118 377999686 894803145 424291707 998054179 351289456 638221329 704182102 611925946 835734388 955116594 796362288 632559524 491837931 417816441 5088288 160574428 781108676 437158420 71143024 49416136 965517543 903491355 447148009 959857607 443432199 107167623
30 2 200 300430643
416846167 6867803 65049514 314060833 967077303 135990711 113261273 245282126 739897865 702043489 155199868 711563017 435215837 620645271 69971413 857916895 541016079 130583829 665060559 246860124 518971764 820841547 881048562 13569676 407466421 940898945 860587522 772453484 770725489 862270125
30 2 200 960114049
908382507 287898178 272972136 904248711 255987973 466408076 629614703 151894273 347488794 725019415 226021830 912785131 865954182 756092279 728581837 652511635 293396611 159945315 981573762 428028300 143544168 99124774 401195664 498509296 164127457 48110264 409694665 597848698 154783847 389341187
30 2 200 807471617
316280905 476513997 197463898 236334427 740580413 715206804 746609102 745223234 702994347 163745629 319536849 298208242 965722672 981614566 608386722 862051856 897527168 872086771 803227081 127737038 313500338 3795214 338668371 544512522 988132719 249680487 896240938 697992816 418066093 836506623
30 2 200 846788959
57593246 106125265 758963331 368167723 104020549 977469241 747976697 267088960 680127342 238747333 434641236 944264683 303315982 572686134 353695397 306050137 248759379 188640167 449794482 970658536 256219501 463430519 436884634 68699413 626494063 816655897 444778898 503160772 153182836 932585361
30 2 200 56293919
719462576 799017830 84924901 832610154 3378119 12834910 789551941 214404026 664246331 854366313 715423177 601863312 229561220 226958333 904900913 45893032 643419073 283023482 762011761 345377458 199615118 7886954 192637078 820136588 141928589 671260868 242319692 88743821 472526121 946012130
30 2 200 714576151
525634972 648832748 676975778 452665041 75771054 346694497 878156472 927917585 496758438 519305494 906445255 527789505 243690173 530336086 2774191 481551951 609259334 546054866 363231527 960787589 893676135 346169572 210533754 986171928 591221804 330080809 762317725 677105015 862973992 103403235
30 2 200 528149867
120994049 979375151 551891343 981833052 619961819 506983048 968833459 253483556 93230111 590979866 523455067 867086730 638044028 472219969 358496016 127837651 38080755 817981833 108281070 521904288 7269042 68971243 453234278 309188002 262147452 162102641 79048626 267328998 611691748 489859917
30 2 200 199952459
236899110 763994774 288994793 596429922 722417037 721018724 37799473 471193078 31903182 446618786 573753400 867903261 474019406 785317534 736094177 749110718 330088460 962911957 335504949 486261699 655582986 480582695 222147294 884975764 855278068 643208995 733199251 887342577 794060058 431088649
30 2 200 760864691
739010725 741768924 332464920 832221965 387910524 355996460 6245870 623673454 896236981 671681775 317608673 116308992 525644466 264533643 243433897 707982653 902328566 249449253 212015884 394505310 668997166 861646680 503966961 129560835 661090400 49170212 995323541 774230082 992596605 110720379
30 2 200 807770879
840411873 352150964 544530605 287510463 759088527 500840355 241887151 386922720 857997335 159329092 60713229 118518316 382643080 319672347 959718032 49526591 13113999 570306255 472017139 961292236 841746050 592422811 165549919 243573004 700639887 984689586 771134141 351205869 533408122 388897681
30 2 200 301758743
234112858 783123533 217401636 903247192 458021547 543039109 227087931 42121186 380954551 996620920 837957451 421426664 66587222 323516926 385213337 541285962 106619023 445878372 731372838 473061835 737893818 865522694 914321798 972607967 72310058 854762745 132384898 933482477 275226385 177898891
30 2 200 635519273
476687928 977727305 604546571 904316271 743966258 50755526 63138839 534891229 989338204 312673521 905542935 703529554 776575412 707761882 8533054 735068641 672587269 821747719 443105677 448363970 835821971 228184151 464326886 146100073 650940952 504302441 207361388 413425772 589864231 924673263
30 2 200 632099833
542298462 836812632 397133646 809420846 598494205 801772117 184426272 594732739 256996581 882537210 818325306 876838388 840263342 725302424 807750119 659466577 155533006 964775121 727476991 349152401 941990963 29694965 317494163 284715269 354477985 229308502 225086370 301288887 695905734 923254395
30 2 200 830308793
526659181 219457102 153812587 928528539 596836067 579070626 84160310 753979722 101462408 890778545 205638569 750861204 861948655 650735966 57559737 764488340 114862411 451809028 178460912 614741896 45499170 58407608 267989034 131716576 635553038 595389232 799522803 843637021 458808799 726864305
30 2 200 950636903
232688984 183513287 993953658 817718139 586267510 129639112 445919760 987266941 395547037 725992132 970429406 477747838 963696044 234235712 158233865 713986366 959108268 461377608 86494538 316979718 695574010 515824756 307523690 229614679 348295364 725507296 453634436 805569401 492060667 469036537
30 2 200 997814129
267399225 592329319 370024730 263395765 36110474 942602743 772092524 426316839 502392366 897788583 675109307 188790168 617379982 508047252 356515260 145829953 67442713 544619205 454662397 648318400 530490614 405095106 50654232 75775485 710937963 308271983 38452408 693197754 747321480 941098302
30 2 200 317697157
225023873 302679641 734965930 16989027 866335634 263954794 253546161 534237732 8773408 7261473 511978077 823961702 798117288 125219219 328179630 535066903 787919513 744332755 985047701 890165509 698197123 488945454 809768737 598081951 466409472 533518683 161750218 391324028 860411442 771548083
30 2 200 493961077
871387810 377456072 63003286 55538650 73603067 410940673 125965369 530156588 884702530 595040130 149058869 65451099 274082309 422838022 624202902 852843084 974334054 104508602 741348104 47303085 314715758 257571869 737795799 835552437 239428891 192585091 753665657 757620043 844526375 648697114
30 2 200 975613271
694042164 672501146 67219333 83376424 753342059 241855762 878225755 485471998 904883972 795259216 807710989 893037835 461104936 581760832 213780079 274128902 610851812 35905171 405128595 649657407 769347261 788753350 208140790 366611381 1457369 245190066 944945028 963230818 250674134 518620110
30 2 200 940366741
609873806 515519354 235745003 694915866 357691920 278759779 681086923 133766595 102964123 838467556 110571184 568281558 39331851 215534619 939757335 561750793 471170011 178225030 348141852 412649416 935343191 879171137 19756768 887405218 259870398 921675219 995896265 157849791 426790253 217425870
30 2 200 715382879
98223788 351731881 242546967 768715282 731288213 549465954 312995749 158768704 909669726 477608742 264454351 423954185 988271723 817825380 346808011 823156345 960385914 567324813 412241030 741627466 974592291 442478951 651608279 152927477 901002836 630620252 639413787 563280556 399596489 335285902
30 2 200 473360921
258984685 767448488 297639210 868944243 49046941 652521732 82591024 916983889 714323424 414058387 4751024 281714982 137823625 652064926 204338554 292075068 4983306 715431039 822941273 788263057 302451647 215077294 834787504 354749039 47297325 392574760 674993525 723595427 508611550 249449421
30 2 200 736256581
741998884 990892800 80073360 535761832 403924411 654076180 832578296 294386908 36211668 847482706 362717114 484086286 965541705 316822082 225336714 30357340 955172731 790422626 314629830 144524774 716932432 105819690 8735356 637442822 888846387 530238713 296644012 257437840 308596705 466642760
30 2 200 613530611
680582489 200772657 745465471 658404455 258484637 919795197 355996257 650413183 563436871 684769445 947884727 691561470 102770212 677474393 11611455 525352196 990328297 427299693 813303015 515077201 799833373 847888584 548955891 401321444 64945140 701259097 489048031 949698570 249668325 48831810
30 2 200 982676969
766149613 609117914 401743235 528085067 465038553 291340796 650895546 242105518 515428841 148188505 469619747 339184109 669014857 467650134 647440041 680880057 918460601 661648189 240633535 91662210 916913355 334111606 413090140 371665045 565449434 881509854 300121888 143573535 724121500 813714802
30 2 200 361919111
164172480 370492683 667093015 499670793 722769067 835975779 209345000 966365871 62816798 738209376 698249917 382631746 173075264 599424959 872802166 418587081 146407135 780321111 252697059 133939021 130880089 928334197 518195593 570444697 445288407 115331642 871898581 987565771 88004642 289827708
30 2 200 742157173
206158525 583608746 568782571 581745491 240025210 476980925 18520822 172808739 211693704 230162993 611044052 152109714 407567908 942266371 531282045 136259795 748483338 897936467 842810305 992297504 786094594 11535806 203416247 904399230 919069520 101424731 173486989 505087153 454461072 576243210
30 2 200 397376701
117205819 66878937 825087750 708858306 599461735 176732319 751389443 216317291 116158575 679446027 917340599 898643230 994706095 396448392 753613948 979029019 865448399 143284753 900016842 373554067 323440598 808239680 168854418 906295131 191722369 143092356 121254526 230587010 502073518 351830493
30 2 200 150912529
229350466 922096482 987535044 296002220 526704116 89542639 708932416 336343788 141884848 83555207 651919849 658967525 583806613 46423343 13938103 681030967 996794002 669592001 79165735 602319159 395819412 128181841 98586814 926359 859114186 294702079 417835423 654974188 578405651 620694677
