30
30 1 7557 410313175
8101178 775632671 239696220 884535071 506663849 464939375 945118490 611835754 294153221 950559794 82473073 338310442 196680482 493922674 1257626 552389953 753809664 518047226 52637163 637540332 84337060 855928496 926928732 855172401 200451159 519619875 270427968 661075536 758966490 678973412
26 1 3192 509886465
208210348 60180188 938045985 248520137 170987465 160221668 428061810 84597806 400988401 739188202 752781319 651641138 433778381 555370345 267479752 798274877 893239103 387983905 423556296 481996510 379366992 690872291 410322493 670857652 75779895 336967307
18 1 7973 681190426
322553596 490170324 907027298 501803200 860447642 191114597 350245618 197376145 485533817 771592703 644650438 980353438 834032713 762442480 222735251 653872357 115811779 516791963
14 1 1916 47776866
771634773 622778355 264897325 331161526 345687287 850009912 525955049 117142621 9301696 258408565 807431352 434007501 648112227 413154105
26 1 9946 817740920
163577909 33797524 56194733 438298195 274237200 737141849 484218086 304119101 886923594 94201361 563928509 359311101 852479866 695048074 407850416 524313304 639983775 311641083 331367317 892377256 357153130 911291692 644993143 511839 939079441 207522865
17 1 7038 547229284
26007181 779737483 31430415 254124082 992146971 280230048 803012431 684114331 712420846 522956852 907260918 864940470 933229041 949137133 43702053 229534416 796790860
21 1 8471 938126251
604413687 332053139 580945639 455061571 557294488 361968921 123361725 973861920 487286755 810307167 279624940 396270543 60131377 694594968 292705210 702494748 664545805 694645951 963707594 279099183 849742148
1 1 2555 232781675
401378249
16 1 7390 899003647
437087756 48887734 472974895 588914547 272813189 382057455 288983091 213891311 882538844 975635670 917695719 806094157 332864603 818171749 641420373 236231466
3 1 8278 757793794
541151204 332378460 979128427
10 1 9965 657398801
224397025 257944654 741023197 133451453 312908789 888963033 566954643 353858622 45187060 321741540
7 1 8278 248317351
459490681 252010613 190601283 207604849 284163488 274101649 806249529
1 1 2000 962644579
716995253
26 1 4108 295059286
698062597 1075592 841496830 277361492 882709311 749507871 666786622 653706041 375983453 93746977 276573834 20181365 72655569 839891382 407614394 668732418 86839962 432067790 189650809 904279386 348277772 487098266 57910155 568786200 679306330 994157755
25 1 8667 354562593
512391113 634767586 116559205 974542305 423375582 723757648 67953874 53862456 311565759 560847814 341956758 981787648 672275051 624574049 52869054 116462783 546435805 760602697 24405471 923474683 476386489 848085981 994676160 530679460 259739598
13 1 2698 760724751
125476959 147758737 242319894 30166327 516761216 393746800 38862132 228171678 48065745 220830178 345645273 611140291 809243932
30 1 6850 813269287
437953772 188291813 342106328 268851920 899042533 857015963 334965569 317025703 489422547 483644855 696021909 328673489 706154968 218001198 2111697 470851337 779015557 875380668 169378259 760580740 814876289 240413006 718312710 526703811 225247818 28304216 818620151 740847990 631909300 492372109
28 1 131 247397531
707900584 508100957 482377247 31204744 627998895 844265999 857807864 937964996 153634180 743066103 748085649 578047833 678147352 495976369 925585231 89751199 296997617 662789464 887130395 954966569 264355260 444778918 127456536 695595165 400173727 655237676 107195682 333163985
1 1 1902 45228216
260528709
23 1 7507 306788952
998127090 302104363 558511361 976107250 233535468 457832347 980973186 376981503 145018787 603987381 177783331 574200180 373520656 26715447 47242591 712660775 881110125 783156374 981325801 166407473 218143296 889074406 640634727
27 1 6095 198992658
498682018 503184791 963026262 927088101 779617222 677299226 354043029 884467561 882422187 326145387 960861001 596279822 399340313 407828231 794865521 703145350 591214145 291067077 811338849 669178499 320529057 517466424 287278437 417375990 352143508 810631244 602273710
11 1 7276 723047735
108973739 305590695 457426976 877031507 639406293 503707329 536057065 641644068 908252420 491836242 961629607
15 1 2817 446565200
210390181 808209690 575071478 103222483 231115638 788595085 410580241 448385437 211524044 316528540 594452877 130266067 938451486 306523267 670503812
2 1 5818 502382705
785249204 40495457
20 1 3113 618748439
30743211 188167813 59366442 148030216 142256213 54246115 135074732 276917614 29237274 841749855 150774187 234945758 372249518 371948509 250736630 703651476 906036434 213621711 524190262 233864927
14 1 8164 842068379
682120689 542062460 10512117 792187790 610630675 813379577 887591856 700379478 813923053 854855384 54562878 541558715 793635559 151275355
17 1 8568 78397813
207856102 494296405 453171924 373427216 473112311 151474789 24984797 4538782 690477286 528762346 416540787 676005592 603605498 66949800 586364736 647037795 460746920
1 1 5393 461118393
665402150
20 1 5250 507473933
892014988 846409043 228535831 199688931 393227744 325554436 801824059 114721402 412389393 972697167 191124222 370435838 398472780 53873695 292201176 629966354 534582181 375418250 120133787 918063279
19 1 831 960958033
925801740 154911476 731899361 515332661 277352054 23155955 303673329 751597850 200568867 408553864 480367505 783638878 564807031 578939061 346360588 473900777 810029541 376976018 135066097
