30
30 2 420 999999991
999999990 999999990 999999990 999999990 999999990 999999990 999999990 999999990 999999990 999999990 999999990 999999990 999999990 999999990 999999990 999999990 999999990 999999990 999999990 999999990 999999990 999999990 999999990 999999990 999999990 999999990 999999990 999999990 999999990 999999990
30 2 420 999999991
999999990 999999990 999999990 999999990 999999990 999999990 999999990 999999990 999999990 999999990 999999990 999999990 999999990 999999990 999999990 999999990 999999990 999999990 999999990 999999990 999999990 999999990 999999990 999999990 999999990 999999990 999999990 999999990 999999990 999999990
30 2 420 999999991
999999990 999999990 999999990 999999990 999999990 999999990 999999990 999999990 999999990 999999990 999999990 999999990 999999990 999999990 999999990 999999990 999999990 999999990 999999990 999999990 999999990 999999990 999999990 999999990 999999990 999999990 999999990 999999990 999999990 999999990
30 2 420 999999991
999999990 999999990 999999990 999999990 999999990 999999990 999999990 999999990 999999990 999999990 999999990 999999990 999999990 999999990 999999990 999999990 999999990 999999990 999999990 999999990 999999990 999999990 999999990 999999990 999999990 999999990 999999990 999999990 999999990 999999990
30 2 420 999999991
999999990 999999990 999999990 999999990 999999990 999999990 999999990 999999990 999999990 999999990 999999990 999999990 999999990 999999990 999999990 999999990 999999990 999999990 999999990 999999990 999999990 999999990 999999990 999999990 999999990 999999990 999999990 999999990 999999990 999999990
30 2 420 999999991
999999990 999999990 999999990 999999990 999999990 999999990 999999990 999999990 999999990 999999990 999999990 999999990 999999990 999999990 999999990 999999990 999999990 999999990 999999990 999999990 999999990 999999990 999999990 999999990 999999990 999999990 999999990 999999990 999999990 999999990
30 2 420 999999991
999999990 999999990 999999990 999999990 999999990 999999990 999999990 999999990 999999990 999999990 999999990 999999990 999999990 999999990 999999990 999999990 999999990 999999990 999999990 999999990 999999990 999999990 999999990 999999990 999999990 999999990 999999990 999999990 999999990 999999990
30 2 420 999999991
999999990 999999990 999999990 999999990 999999990 999999990 999999990 999999990 999999990 999999990 999999990 999999990 999999990 999999990 999999990 999999990 999999990 999999990 999999990 999999990 999999990 999999990 999999990 999999990 999999990 999999990 999999990 999999990 999999990 999999990
30 2 420 999999991
999999990 999999990 999999990 999999990 999999990 999999990 999999990 999999990 999999990 999999990 999999990 999999990 999999990 999999990 999999990 999999990 999999990 999999990 999999990 999999990 999999990 999999990 999999990 999999990 999999990 999999990 999999990 999999990 999999990 999999990
30 2 420 999999991
999999990 999999990 999999990 999999990 999999990 999999990 999999990 999999990 999999990 999999990 999999990 999999990 999999990 999999990 999999990 999999990 999999990 999999990 999999990 999999990 999999990 999999990 999999990 999999990 999999990 999999990 999999990 999999990 999999990 999999990
30 2 420 999999991
999999990 999999990 999999990 999999990 999999990 999999990 999999990 999999990 999999990 999999990 999999990 999999990 999999990 999999990 999999990 999999990 999999990 999999990 999999990 999999990 999999990 999999990 999999990 999999990 999999990 999999990 999999990 999999990 999999990 999999990
30 2 420 999999991
999999990 999999990 999999990 999999990 999999990 999999990 999999990 999999990 999999990 999999990 999999990 999999990 999999990 999999990 999999990 999999990 999999990 999999990 999999990 999999990 999999990 999999990 999999990 999999990 999999990 999999990 999999990 999999990 999999990 999999990
30 2 420 999999991
999999990 999999990 999999990 999999990 999999990 999999990 999999990 999999990 999999990 999999990 999999990 999999990 999999990 999999990 999999990 999999990 999999990 999999990 999999990 999999990 999999990 999999990 999999990 999999990 999999990 999999990 999999990 999999990 999999990 999999990
30 2 420 999999991
999999990 999999990 999999990 999999990 999999990 999999990 999999990 999999990 999999990 999999990 999999990 999999990 999999990 999999990 999999990 999999990 999999990 999999990 999999990 999999990 999999990 999999990 999999990 999999990 999999990 999999990 999999990 999999990 999999990 999999990
30 2 420 999999991
999999990 999999990 999999990 999999990 999999990 999999990 999999990 999999990 999999990 999999990 999999990 999999990 999999990 999999990 999999990 999999990 999999990 999999990 999999990 999999990 999999990 999999990 999999990 999999990 999999990 999999990 999999990 999999990 999999990 999999990
30 2 420 999999991
999999990 999999990 999999990 999999990 999999990 999999990 999999990 999999990 999999990 999999990 999999990 999999990 999999990 999999990 999999990 999999990 999999990 999999990 999999990 999999990 999999990 999999990 999999990 999999990 999999990 999999990 999999990 999999990 999999990 999999990
30 2 420 999999991
999999990 999999990 999999990 999999990 999999990 999999990 999999990 999999990 999999990 999999990 999999990 999999990 999999990 999999990 999999990 999999990 999999990 999999990 999999990 999999990 999999990 999999990 999999990 999999990 999999990 999999990 999999990 999999990 999999990 999999990
30 2 420 999999991
999999990 999999990 999999990 999999990 999999990 999999990 999999990 999999990 999999990 999999990 999999990 999999990 999999990 999999990 999999990 999999990 999999990 999999990 999999990 999999990 999999990 999999990 999999990 999999990 999999990 999999990 999999990 999999990 999999990 999999990
30 2 420 999999991
999999990 999999990 999999990 999999990 999999990 999999990 999999990 999999990 999999990 999999990 999999990 999999990 999999990 999999990 999999990 999999990 999999990 999999990 999999990 999999990 999999990 999999990 999999990 999999990 999999990 999999990 999999990 999999990 999999990 999999990
30 2 420 999999991
999999990 999999990 999999990 999999990 999999990 999999990 999999990 999999990 999999990 999999990 999999990 999999990 999999990 999999990 999999990 999999990 999999990 999999990 999999990 999999990 999999990 999999990 999999990 999999990 999999990 999999990 999999990 999999990 999999990 999999990
30 2 420 999999991
999999990 999999990 999999990 999999990 999999990 999999990 999999990 999999990 999999990 999999990 999999990 999999990 999999990 999999990 999999990 999999990 999999990 999999990 999999990 999999990 999999990 999999990 999999990 999999990 999999990 999999990 999999990 999999990 999999990 999999990
30 2 420 999999991
999999990 999999990 999999990 999999990 999999990 999999990 999999990 999999990 999999990 999999990 999999990 999999990 999999990 999999990 999999990 999999990 999999990 999999990 999999990 999999990 999999990 999999990 999999990 999999990 999999990 999999990 999999990 999999990 999999990 999999990
30 2 420 999999991
999999990 999999990 999999990 999999990 999999990 999999990 999999990 999999990 999999990 999999990 999999990 999999990 999999990 999999990 999999990 999999990 999999990 999999990 999999990 999999990 999999990 999999990 999999990 999999990 999999990 999999990 999999990 999999990 999999990 999999990
30 2 420 999999991
999999990 999999990 999999990 999999990 999999990 999999990 999999990 999999990 999999990 999999990 999999990 999999990 999999990 999999990 999999990 999999990 999999990 999999990 999999990 999999990 999999990 999999990 999999990 999999990 999999990 999999990 999999990 999999990 999999990 999999990
30 2 420 999999991
999999990 999999990 999999990 999999990 999999990 999999990 999999990 999999990 999999990 999999990 999999990 999999990 999999990 999999990 999999990 999999990 999999990 999999990 999999990 999999990 999999990 999999990 999999990 999999990 999999990 999999990 999999990 999999990 999999990 999999990
30 2 420 999999991
999999990 999999990 999999990 999999990 999999990 999999990 999999990 999999990 999999990 999999990 999999990 999999990 999999990 999999990 999999990 999999990 999999990 999999990 999999990 999999990 999999990 999999990 999999990 999999990 999999990 999999990 999999990 999999990 999999990 999999990
30 2 420 999999991
999999990 999999990 999999990 999999990 999999990 999999990 999999990 999999990 999999990 999999990 999999990 999999990 999999990 999999990 999999990 999999990 999999990 999999990 999999990 999999990 999999990 999999990 999999990 999999990 999999990 999999990 999999990 999999990 999999990 999999990
30 2 420 999999991
999999990 999999990 999999990 999999990 999999990 999999990 999999990 999999990 999999990 999999990 999999990 999999990 999999990 999999990 999999990 999999990 999999990 999999990 999999990 999999990 999999990 999999990 999999990 999999990 999999990 999999990 999999990 999999990 999999990 999999990
30 2 420 999999991
999999990 999999990 999999990 999999990 999999990 999999990 999999990 999999990 999999990 999999990 999999990 999999990 999999990 999999990 999999990 999999990 999999990 999999990 999999990 999999990 999999990 999999990 999999990 999999990 999999990 999999990 999999990 999999990 999999990 999999990
30 2 420 999999991
999999990 999999990 999999990 999999990 999999990 999999990 999999990 999999990 999999990 999999990 999999990 999999990 999999990 999999990 999999990 999999990 999999990 999999990 999999990 999999990 999999990 999999990 999999990 999999990 999999990 999999990 999999990 999999990 999999990 999999990
