30
21 15 537004623 866642978
508935991 4953080 873297573 795625308 850875990 719246289 565006535 801191328 775247766 118930638 79486804 534010479 831131122 249379112 119756492 154716668 907984874 199557496 299710454 668140929 355144255
16 14 254051780 844190671
374040620 223351133 131165106 983155777 454118921 895597976 429254760 248728123 858341646 440255940 633128021 775722187 981528167 606633350 290541117 53360417
9 9 971732717 129353946
645723609 963012680 687520339 577190767 273191780 316716238 488799026 74210427 366479287
7 7 263075909 534134119
384622435 233715404 915677970 243315131 184574074 437079337 277155397
26 21 315608292 305687313
790173456 904268016 448944495 124226722 147564935 299117803 556420674 578377180 129214876 848024169 356173273 633786337 154950229 956383282 888964777 745601541 78165403 871844641 776757195 589327522 974001036 874245727 274755638 470827465 184463285 161589837
11 7 181347957 22375817
907781784 483651999 93257226 865033884 932317899 402174024 690180719 316730442 32462257 496078918 392009930
21 18 148979935 407724726
940520533 798854667 255794146 210519505 664531520 422737738 172362659 324871175 644262788 462348655 309189630 401678836 80177308 485663531 428388359 158652744 341076063 797428171 35573084 146249972 32729470
21 21 513073242 349534664
423202218 386638636 681431275 124461176 479126061 350846850 13818834 601977128 146671767 263970369 429258541 443666853 702911735 102946329 194840757 832799950 978525072 306479714 801558132 295147531 771863855
5 4 710444335 981161353
866339634 25072069 263862012 880222092 200126673
22 12 929591608 831370523
985957329 167484762 164037715 872974506 588159405 422580893 338934476 820549170 956128039 886493466 8801618 642318473 40533393 774412004 323903101 599971490 896750468 653502793 40061596 407439958 617071680 331101394
24 23 250849845 468905358
310256609 719086369 701668512 742911286 602205970 15796641 739619357 657233697 809590777 123838978 954556836 229213963 198891176 310938252 346853367 324354772 110496020 700247646 837431656 572601789 605853072 870969016 653790280 657463001
9 9 123660876 829127018
712195065 31384097 342517933 620082735 107779163 823802853 958401817 835968403 271580622
16 10 804402038 187224712
828047437 960291958 540048058 246191323 22944062 304292950 504600918 825742313 467125099 79664469 447590833 203058978 134154185 972626505 775931056 296061472
4 3 689286784 714302486
202391896 490909236 852784768 488819591
13 11 781780196 441052911
646611275 233873415 520574201 964268601 321256606 467917254 56124136 449057722 897994445 652983475 674495615 269770365 528002088
29 19 337345576 245006115
567035461 104595707 711186845 585234884 800205206 86598771 383528936 82547664 195637677 451340754 978322592 887180725 807321433 798230436 931303553 92907276 914493743 765018329 998940158 434487748 157875314 601571641 449433865 731108546 495672138 758506665 451262566 806064238 924271575
4 3 373624094 470486525
480678063 958019744 682246867 143519635
24 16 398640307 485439674
645099027 965444347 906528436 605844954 3575447 562184679 833379483 726294950 516878697 268526531 651097130 53217606 667807634 325088211 680259245 360365427 764861455 651147586 648885419 169437764 279489791 940362028 233161937 638055505
3 3 183380577 709635485
760112447 650364935 286420986
30 22 376498448 66112755
352173271 651580689 261895508 670165915 688881286 252462226 606543971 451681056 862782185 606553214 404262604 181877895 722129379 732352446 712967330 941398199 145073656 449389296 402557633 702876986 578924072 284558464 935436475 917373747 218826952 941865578 448989667 190404313 788210866 889538117
2 2 531489053 361392036
675548330 268746365
9 8 900694526 258730546
579865139 205213262 735309412 144006171 268685782 706923382 882489132 779255820 567880371
18 18 76422909 165253493
312131599 359656840 102054921 727892142 831901989 781796193 558451106 43713868 168712307 97683098 398395055 952896979 707897687 577286816 769935748 128172256 304523466 523237699
22 17 156529882 45352983
10092355 866690455 415956475 669523733 257117402 252800860 748313689 795112653 153431527 559985272 155949507 959005378 104936274 679188238 811510041 168193626 117435598 548715639 862054251 441511106 538009200 312570161
23 14 245131047 326192212
717929968 666251298 536118250 325466295 600386818 63622459 626952874 666095140 503924153 621916298 309449837 754130228 702470559 614373933 836632568 731552669 886558779 929608182 451153415 930240578 963232360 820653479 927347272
18 11 303584705 657683571
548889617 332266660 473369943 12156119 543355056 99048181 190276530 545487403 160922600 568929376 259689661 331448213 82689118 753049937 606229319 815313066 993541861 106027286
1 1 754615426 956109734
404372112
16 9 612751425 829759795
1069886 802188288 686738814 663897702 987356739 91877780 893998157 868310062 138220825 656546351 331093825 477640727 640668689 960766379 747545445 731068403
6 4 948267640 815977855
690161269 339504184 6330567 115650249 875370115 920307680
24 22 735844467 33424154
71745419 267471898 735964460 901564261 441653833 574901848 575930734 86880064 598436300 339253865 609666332 21913384 962817294 720460153 571257416 947186319 181572758 963120987 344104065 967083273 691017698 109308768 172788854 17952731
