30
29 20 864075946 118112730
728243777 575231989 475838350 946613121 301645334 726627242 642875215 372740978 97656050 150873598 540033342 879172024 117475939 800190324 57883157 635992805 188574678 933552959 94165789 739072555 260430423 274730567 60476573 52455777 858010222 332689315 430968110 192291829 817885754
15 11 995282658 19753545
351419854 595399756 717782543 975783234 326009187 242184780 295990958 862957761 866082389 85862173 377526598 921137009 566106526 835530022 980740156
29 17 972056486 927796601
8637242 903415589 723946553 200980153 303361468 919942829 334807123 904852430 923811942 725854739 807906859 155962215 250968055 753128562 597648278 164148800 10106073 865464712 725478222 759177825 910344390 764986355 169513542 18582441 983308652 118348056 379824486 832634594 538832462
16 16 457144957 587442427
753284373 776873263 250729905 827213549 611336464 840736576 871752758 734876413 592037606 461548443 281325970 716957051 663150859 14154399 542033964 124017715
16 14 90407680 723905451
416573916 120407762 857688999 239566680 787682323 557333712 964708330 641106595 733252519 965656040 681908830 919714678 36987067 900693255 664979601 344413315
11 10 921139411 766724086
71893452 524591931 710799720 364332044 377911210 470950506 764555747 838374151 617241868 501228528 772440105
26 15 991639068 326398947
269554806 194245854 387645993 452772405 415315970 52283589 180695250 598260589 167221456 963806181 428692206 327096224 604044686 706263823 4636681 361929155 133568496 178218376 870008636 218922787 86869648 788805327 784404904 20211497 785423226 15383952
26 18 712813326 650612099
953760246 913946705 235966385 923184720 981310418 965579716 9419285 916947115 263331878 957990706 138092278 653657577 441278750 921473885 505320059 154015736 945443197 462331232 40562781 690863046 494116259 96867516 114907560 869749617 378433724 253608755
26 24 787081911 542177434
969655012 142957158 469607314 972512758 800407836 961996900 811709166 156539048 668408679 367896725 456367121 47164076 894283684 689616307 164180895 318492240 293539395 788145817 691452364 710741538 968527613 60812010 381382111 557902518 914454166 850029316
24 14 959804833 685313474
970595787 345531426 938889836 138492334 151860730 589165126 516275413 452153629 840778607 473780000 475890823 481882879 65975920 217293493 421598364 806382822 656886906 563304834 19638933 29146499 678857192 10042413 477186680 2419402
11 10 781042477 829271759
766965750 852453372 120230075 808719607 823328976 677901661 762507723 744241034 691127117 856300925 236854317
23 20 549787155 303865701
414185273 75682618 768376127 46232983 511341872 987367953 567279916 659671342 292641513 1733337 521891043 695553057 448762899 716752723 49475552 205047613 146441676 412910677 956210817 500285308 665776322 341553237 742287341
27 18 446401169 789432572
358669827 357405906 67214780 364548645 16275330 598723655 722983260 375966043 750594382 994913524 979598390 311320884 207895533 533143095 704806770 88980814 37774375 995215140 624938300 192212282 585224090 881642471 901911915 323190116 138146045 856733460 479006680
11 11 124681112 421682899
249098767 967956334 223186948 275109982 712900731 154019228 124599555 589233705 285767244 778330499 320987995
26 26 733040207 34135861
654803615 306293926 687769181 929734709 804786917 445833577 419536826 867424782 296619319 214054734 601633495 647046175 919791233 562929055 489235754 238443807 642278976 284083802 356634706 912838817 68824775 543932081 215267825 20022884 701539163 472724857
21 17 293048770 742918378
67210952 982226372 233399389 189148235 659541985 192620952 721905383 725378823 306885135 232435052 451994596 183551949 406492198 482547188 686081533 793682749 333061468 805738660 399794635 864889481 852383383
3 3 170645978 532518842
356120720 540297815 709764316
16 16 425279924 457270259
10450930 356891472 828226409 632891666 43861853 842416770 891593135 169648020 691056597 303107823 483410336 443882307 55541865 942622254 425212787 807653166
11 11 267929684 111682503
288261457 573161245 742457849 553213043 592447812 135544667 563087249 802440575 415817707 568412916 591042314
1 1 83120888 499948134
855397215
20 14 943810751 406465415
979310933 723653213 584439139 5757542 968935741 833540765 962944871 939514255 733832439 817310174 654406745 191294548 895235098 566593080 555203375 894673417 815685655 383102547 571755514 667534654
4 3 952896314 695987464
648116618 693428220 329736003 514451475
15 9 394670452 589581460
968820975 947103888 402604423 985413445 149134701 102786768 271490684 718330941 813104391 304363477 220604400 99143379 273490282 537163854 835916386
27 23 898419037 820086075
684241726 457798348 871594260 376951684 908780477 559217725 791879396 692367024 438702236 207305624 926921616 93888456 23534227 236689331 445047369 162076538 790667832 624745155 684970306 436816499 629545727 118114380 670341805 580600208 370493227 994946956 952922197
12 10 649325920 802677751
386605812 851778238 34279547 344491578 853129437 305840175 421554380 922657170 778934761 804270548 595119495 196054713
6 4 509498131 948117455
667221222 326261161 762110213 744811098 583475217 736736186
24 24 282939211 743353812
555088919 463089105 412929203 339964813 786680074 408245276 133255664 870405723 877583562 61683807 322400610 475665371 529227894 564194033 440347558 609988581 414432008 784088049 172793753 678497975 8620464 594275933 348900125 272415935
22 18 548506222 568049095
104114920 797777690 690580877 191541911 593023172 103927212 861741984 237832073 889377143 663572732 989411720 418797243 951015935 326871502 997804337 919157490 708750918 348779858 515625693 315890350 29645378 598986301
19 15 558484389 446347161
103444474 754986510 83912571 636993431 147395913 436813402 666290924 701942408 607573897 457894586 649852186 703412962 467053458 135463603 878802123 877039324 179562467 12613128 701016614
20 13 931992493 759302335
150114279 526461573 74202593 348528013 870655795 6692955 872516385 514204551 424994022 855760381 43611685 210648166 913731795 796961358 826672793 392610226 384783608 221370251 602647566 221617663
