30
27 15 790554877 105194820
366386804 534572044 543068843 97563852 90016764 809266026 317397610 321499052 520527940 353380656 261434876 460854411 785974312 56019931 117460319 118482659 699510532 533056444 343758316 926817571 636124283 324084814 45089618 478527386 291745814 947311286 668737661
24 24 679943333 27583954
191115922 853069700 103555018 720625375 762858677 282066509 845225732 744143861 112285857 933424960 209411715 456824468 343307180 893912531 871734650 882700814 208195003 342423859 896685036 109758715 798474377 553505893 491420807 919568400
24 18 301467964 20702698
94745037 505170573 427557476 915815486 972137550 521260787 643608801 307223969 606448158 2766152 190093871 190162249 798183023 934366939 831251473 869866378 319966599 381743791 288832380 261963288 50807630 5854394 221184981 743743259
8 7 847557626 831312243
775852277 205355714 153501943 505225051 126040790 974536108 976913914 202453127
3 3 129987556 511499526
266496946 801030229 927207328
3 3 337608298 844446689
692199618 832673293 26915108
19 18 756471906 659910061
691425938 585719029 568919748 837233843 620346413 600296031 392997628 150455272 172306893 146631824 719000043 850830985 873825200 955869707 40071199 40839376 927014980 646875614 629131699
23 21 22604759 514882096
459774249 314132439 966844695 185460156 888693027 188706557 367949674 174243104 133197923 242138532 937386038 323720177 13385285 937982503 10071034 724467820 585151329 225250751 165931359 192292531 190363897 385209646 824096085
29 29 234673179 86290737
869153003 463703743 345051961 468891200 775140766 58550465 978797234 294204541 448427011 829410955 202876633 315438287 180855732 669791551 495989869 948863131 683691138 555841268 825908414 622348310 304965706 935355788 821298267 118207822 635569160 81086215 47663041 228224261 375554067
17 12 336317985 57939786
215659831 689756775 877673105 742564142 466532952 723994207 917747671 851745972 448936082 441918354 631632014 80856446 940330504 929945167 844091029 852745460 301217087
26 23 293864864 565617360
530475141 732828057 295725178 933604210 138339981 906971492 894077574 914416172 899471326 183619348 260323196 314529173 434979948 264952971 793179367 284737217 746989627 440204822 875351512 550979685 54429650 225682033 452785128 989151063 92665424 664440477
23 19 87242806 740343647
359972538 898481 522139971 545209407 652135432 413576704 630179052 815757628 454191209 850426581 312355553 694195105 457447305 571529044 567576190 357503509 600129759 381140301 931406148 705995774 488162843 751654000 606857713
28 26 929415733 179505231
154093406 849084206 47190554 801980054 164539411 167405560 701987073 958168805 843209484 758734973 758847040 353697924 619993758 346247588 204071974 296164048 581002015 315430931 999916073 925140004 2220241 553222214 506471471 846406238 452197766 423957312 982535426 767644668
29 20 708825625 685672822
144259315 840161219 594924348 305170978 551345145 546991874 538637096 701723071 504985906 606614249 165950795 582160941 791176336 797254975 414545989 720702162 639664609 431849052 876747362 9821502 603206659 540196690 218696039 280347247 530760508 260594480 673181979 131532698 647957749
25 18 348163810 981331954
30258582 904361243 738440297 96886401 604172983 643521536 537327163 265482764 731371584 743150011 161948424 983182409 61687137 513665673 698839622 98531445 542079643 495286543 848017776 166525958 573034746 107537892 388924329 111914451 931459811
29 22 287934076 828069307
300483614 561075645 211533812 725814514 327226880 33747169 155003307 737304734 947800075 908849996 121750358 492433238 605411634 949955611 28977721 556232347 7190745 828741577 444417495 123256963 802032049 628757984 243354811 825306298 261776966 364523539 568875434 322755519 655767979
11 9 497697616 41928838
670550793 90142915 609559648 202588200 733879405 508087672 476429717 428864047 3879855 305440953 429683629
11 10 850298320 274959847
702000493 466481730 279408972 235804041 246826839 784443101 153932340 618685357 745185626 459755789 819074944
29 20 578763400 409292421
676126548 298621182 617461515 182455771 828094661 279249374 601221409 29734469 23270910 157356663 114006248 171271906 555791825 177264520 373860490 823692788 111182283 727187924 138900061 394367032 556536140 203369835 680126072 90484685 681405142 688763627 760855741 566593669 441289221
21 18 782961367 679548862
657880987 653995849 891952081 259576814 589869739 675217635 324797785 809164115 355182159 301106806 998015342 886599730 953234342 988311880 86664117 242284648 146539751 345356622 177590867 596142968 111012286
9 9 603552845 156999336
47350930 612128841 620120544 283776533 493170157 482651558 525875442 759268596 957696781
27 16 892481593 25620409
117910679 900985419 102173376 764020899 121064826 778553444 243313815 231763204 419417824 946784078 768259504 91755086 941097300 960926027 506460753 20512734 270634055 388663427 80218302 476749769 865391510 506516887 397737874 491256757 153642796 274927068 835157093
21 14 412286019 404488710
209457591 309222934 103369947 916407404 652817984 941119766 672609221 479494534 90773181 348868074 670407098 196777736 518555347 909505028 208089515 72896887 778603968 998928962 997830522 237257864 100304819
7 5 529452154 641417982
337891416 209935930 415935324 606519153 343937078 186106595 914831831
22 16 756585541 517807903
887109321 387996323 660647514 646068709 230372064 152585430 925729283 143042663 626286406 772277337 795683733 715792516 768607037 24565495 630721049 876121093 186911459 355195176 90820532 568357379 898069998 220794406
25 23 46325513 361263499
971275085 145838796 874268984 173592273 47542594 98671973 421518491 480171119 231230776 611741911 537762095 171948877 169677283 513826010 625849631 580034673 137447082 560255515 203396594 577027280 649797795 440933197 779469964 315959788 815053163
7 5 750252041 413082824
846192846 54687854 992243312 756801712 287106891 525615629 470013035
21 16 899682164 738601670
245943013 366543524 87421851 440916381 27111586 837459137 434292377 545392568 609381378 583037432 938804499 594607724 88095400 285897857 349201752 198208072 338393098 822363863 368868889 130079278 887149525
14 10 276079622 458097597
556165111 441504960 987116228 855936954 432618455 326897124 480582331 161574403 674721577 436585484 362119315 445956486 605562166 562811210
28 18 238450491 707419107
259411109 136706845 977203751 882230215 347527514 826492410 785459823 884004969 963761867 803170493 880230250 573306021 337191138 714728494 596299213 588732479 975936505 748072830 113131893 863375442 282134538 65549997 427214918 970174674 691835633 845831516 22194890 403088127
