30
30 23 634529659 873387121
741574977 274675442 147846903 29506426 313903505 828470491 451609737 809634010 123229727 345191288 567652582 641392113 886823580 9655282 204743301 379496802 363344001 705233300 216843194 608829034 155060766 698805457 347468184 117618278 640061763 36370004 720384688 150747176 658449967 942226855
30 29 349466986 478305511
12320388 367190144 664813923 589044706 211466965 302119335 537536145 323011850 655177007 559723228 825598340 99434305 702742434 168375439 794530456 560581922 79674406 122388055 207698928 648208104 948514856 718930221 353279549 660703057 978564260 663285078 411782913 920708158 445733661 472053270
30 16 801855515 447338441
200612355 709634992 908079001 163568222 342329618 523820777 251152401 153710511 312521094 104622857 724674646 731916420 525760929 623750266 85740940 690296647 287026746 385079891 479104591 694586954 989729718 835152581 829261639 612864251 109817019 545442933 132461724 559204798 414114075 485623066
30 21 799301040 537773111
299861024 157457588 43266656 58937826 9985705 252834910 410855869 891831857 250949773 947079726 263574481 692245460 954449598 732628253 724463996 148598484 305324295 910668198 708182964 854701593 278813360 835158340 928952987 499857927 635091777 13808868 619795828 438304846 953899650 638405350
30 28 681781936 567929441
451936180 25448741 668954176 568680043 735511037 362987624 388048164 993210321 939615318 77489911 56398637 528416271 178981753 852998394 828362088 949621765 357652932 998939078 969071914 359031966 508523414 246212928 614206987 532690397 986905785 970680692 603075923 844308082 151978148 132811146
30 20 382558131 338738177
940980875 981754218 919410834 319007109 927960419 206453750 398170439 535485260 84179203 115605689 449431696 779748591 155231092 466147920 851850214 584457248 845855465 297947295 535436462 545505533 498956620 956071371 199765064 568123829 40444254 491946259 200615672 819294548 354061004 920052309
30 26 901137837 765925427
368652874 275205725 932966407 260404898 894244898 294330261 810276637 570404575 841853213 161320136 444678194 718972903 674227451 220883177 877398307 128513889 352513244 777796285 656066957 127895904 393255580 307727311 780901896 348491073 561523341 965098752 608455572 532540494 655498220 158289309
30 27 476728407 439588591
183283446 776768046 281451000 822461894 561657915 247745965 43682479 351461773 591666777 943594281 514490535 2515260 425751026 824232620 459350362 123734367 710711172 162360343 534710732 282359626 294844223 111120708 106809509 502271442 261346342 864342339 800217940 733746454 76577961 349343923
30 18 484338258 14665153
603512813 236425482 84018317 488978276 46655531 512723941 487029344 654833768 659673947 615848164 700559701 315259992 171875159 43179890 804558704 266477081 316801329 640288501 608396287 775545589 163084265 157040155 365919534 993806685 936885205 278939901 43608225 811025968 255116154 882012409
30 21 964295680 222685391
183780386 988986450 168787239 722999010 75665768 760053329 810905316 852791650 857902819 394125836 773886493 11905562 35617870 957402443 762556396 631819593 167590260 378433698 577581089 527665469 426543620 88653363 866266282 153752389 920220822 217952318 115337325 917160965 193246544 926134564
30 16 599463391 206728381
668720300 288270284 393796644 11055273 889850231 56873709 624206750 237133242 562799285 243781639 716526996 425605425 50853659 749047228 743945035 998948298 937233550 494401876 279760905 163940413 76702307 950290022 173968684 202799789 228408218 899891359 565841714 941428101 780029038 224199825
30 27 656821910 409083677
53630554 823774767 234806912 216085321 327480413 4382478 565556884 542199224 927917103 108728164 296551598 58691176 123176299 632190650 682342924 389476651 2567121 525121174 662038666 340842783 929923478 987881792 775327716 890107799 904857230 188872982 495627334 432732157 50961765 406592176
30 30 147114126 635708233
276263993 292167806 387579193 103819019 741619081 226059155 994945042 986018835 650812800 18006206 989962476 354484964 456533760 694716743 131174851 361710972 170494478 583067181 136684982 605130249 500981905 744332225 323959805 612514703 885540090 516964714 819457822 408255306 319262393 892107923
30 27 958816892 853545073
355537507 619007106 88935226 36117993 951653976 954154703 657818822 492515813 779029690 781939665 980638102 840381064 773055469 697863126 26563878 281987175 462544965 965582942 412725321 168159984 46900807 600194219 505704806 301335771 137476175 422620332 375911023 257527528 66805874 372613790
30 17 588163011 231073537
998106594 499135975 550646850 918944370 284667771 239063674 177913490 774037317 538699251 466325565 790907695 902139901 776560215 28006873 265601757 15678090 39007809 299017832 86088802 735531375 889702382 123828765 893330028 181660790 844896417 578211702 506291590 106647236 413266794 345449675
30 16 337071107 410218009
951884131 434452625 198543951 70419844 241488595 674126434 71377031 569357125 425655709 518233529 869278792 672956073 400582820 502981137 806146293 354360732 482572589 168121628 868538784 145443809 940921131 78226109 787414649 389578714 507217502 908959642 281730671 487651311 30365308 355801359
30 25 85306806 711222403
629285482 79291582 279100627 164124929 876649753 700361503 96956036 933105576 215838234 296286272 568836790 670439182 850725128 547279072 721724583 998397319 227965437 259073688 857551218 879238833 848560847 717627343 633524134 429949692 371740742 933374308 142883819 205557453 951772410 593249497
30 25 182564959 548154877
728222323 316559985 754556348 320566662 39077915 263730242 894692216 391127707 669080986 494928238 61792648 262816099 871398838 945688187 625521398 375148158 428187426 424309652 312655262 272135766 19161896 650488400 10260624 504834272 578949141 471442858 904260749 563150045 184827072 212563542
30 29 948668272 101557541
141337632 836877562 863828407 827424625 839727897 75697498 633929006 760076131 472334995 277326714 783669257 802621005 991990305 840967501 369377925 174208467 451314417 968127233 604981404 366601081 238841892 795232109 334073669 668569622 58872129 363577341 967787267 162757132 454216842 220946685
30 30 991867002 996447959
939441384 690143367 724240301 209455576 325815135 738225042 691973255 6390546 703725840 180757617 533830296 832569937 143766629 515280680 17635450 246136497 62296742 690723684 680206138 459477656 682859707 250940460 883412671 768829638 911466266 79425788 477952260 599689399 866606885 655424301
30 27 383934563 900800947
191772826 91586108 192366980 654657568 401209298 250779569 895123048 645422814 540135012 211438270 703766254 754532449 3985410 272439220 827932657 927819021 973232038 497504778 616896573 943272372 399153608 206979501 497620375 281169884 560156490 764636781 963329452 147394623 828556938 251686491
30 24 511234260 355357217
430700359 545634913 372551378 248134127 339432002 42406512 22402493 155548777 987732862 430259359 270051571 685044787 721386040 660918153 552401124 101975934 539715877 134548390 400902133 448119875 243255972 12733780 356308603 92925718 595767921 15718881 35847984 143182795 577617280 248011139
30 16 612819856 211113337
442581250 442258919 73215398 329581485 729065545 900033135 275100501 35758556 729550751 814220064 271183591 21344983 297691561 562357369 752187110 950685535 425193915 383274231 937693587 492490700 548783867 356393542 927985457 688788509 335939510 415775936 874413114 310871017 675744981 464507013
30 16 831990577 589987003
593755588 947256925 222594489 179144447 591161954 680688378 381025900 24044446 948000220 460921815 156539146 831882179 92628117 534102153 778767247 925266064 939745983 87424959 958981503 431570195 437557584 373226605 401144095 381636601 652781134 959902859 873928332 221595656 788753527 65356001
30 20 54236771 473759269
878499924 215342324 519636482 300686011 677990837 952497689 820751162 572103420 482686906 726060612 592720603 684471228 477215496 106095437 405587958 866670152 213309020 696623798 520723127 694576551 455190688 959384012 979820408 501374735 7241222 446212258 544880764 490047134 83115017 563184367
30 17 490581650 355496069
856377603 45787344 792325236 172193040 367321025 714794257 433085466 890204609 370680349 831581922 545104770 35377688 992844931 499036959 409191659 27318237 779952854 525140617 495282613 27861225 673903454 146643550 51056861 857185613 374046165 759621058 84141767 968353332 657241458 370660445
30 25 576355356 538091771
300775658 963437011 852453289 999594906 83159437 412960031 894393787 85989259 764883179 453576677 844332570 974954901 224131774 585456239 264178669 219754466 484499241 64113499 732973074 668143508 784252552 645703816 952331772 244117171 529763569 913187295 681753639 453312623 769885571 909668947
30 28 559646336 942388813
160558232 663992751 86958595 82112969 141621101 472564158 476038228 916667870 366141603 764776698 825764874 142283634 763300618 549867706 867548130 903149569 805392981 438180630 846052828 763718254 765749842 324175316 102875995 412991421 92419472 364664180 217583628 129245141 701362968 867738133
30 24 634577852 602391553
927878490 298995589 183987357 409114361 735469223 365194881 945983090 325953703 233761052 475825511 896471080 343086612 550537702 677724241 788052057 773138690 171543317 104488025 704215053 731716186 529663614 573222432 466572812 332105753 524598481 574723627 359099562 103294213 653074434 489027506
30 16 650272194 340230859
520478392 198744020 473097323 61198988 873518565 889417761 24979867 41686566 869474847 551952183 138362522 727101434 522130482 819504141 48216459 917053876 283712199 953910587 313927373 658589312 545283646 576224375 317614117 690814193 978151028 742316129 717504399 344034042 933128877 243587764
