30
30 29 760644539 298392917
222820167 194096214 352073260 437146943 678593173 719220904 411295821 97008150 776702356 22715245 231040306 874364535 769596056 374945212 130968395 875685831 769247216 517830560 801239934 834906986 83482595 36987437 109404264 850076433 50276493 803148435 669348910 503363236 526880223 823050808
30 25 575151587 867422101
821963718 268616465 558619828 108304857 308949597 952090114 54249674 388973027 176330158 903634202 634794562 627097763 385774420 780376516 532029180 806756259 345566352 359221658 336612983 555627642 378535719 359061784 816786603 186863407 533454945 904565297 708870427 692995598 712177313 779411937
30 17 116938908 173554699
484268528 681682426 672666944 722666157 584719223 707061599 162073010 391266396 45129170 470210990 364153305 347374532 606463964 143072816 16923670 950389327 801188894 199777070 62773922 545639810 471751080 699053676 341506427 302529679 935877110 939744316 969431045 162126664 744431123 229715600
30 26 808562186 565457621
461718238 493037245 871397625 566885166 380698176 321900620 413015612 996945008 41094374 191413168 428278331 784180687 308878136 72437169 455998370 276123293 64366283 871090950 342319536 279769445 603748956 265257303 176082210 554244102 318323636 775388106 358094594 959446333 512603081 91149311
30 22 207055885 726657007
156950537 304068639 640787325 541585237 60118611 622045800 55150830 849910999 131856083 556915933 99232814 902180777 554604053 946779602 491071018 252053814 739263097 550602331 412947224 45630361 254845882 560393326 216846515 772344218 357829751 921384333 435377970 934986952 917892676 599339245
30 24 208659721 605521603
5390148 341536403 364864571 679126301 992423638 570878854 696767971 563821225 693375132 696794427 676510935 451887636 933457680 421636059 803967975 649834380 975318252 469523318 101396306 271613359 308333067 972865946 120355597 471071145 110174502 322701601 574131078 235178101 735866631 823776318
30 20 86723649 595796983
320418096 644829032 190000717 706287845 313121010 689324651 400549651 804641345 10920509 406238078 15340985 272475140 768905709 95690233 467665953 331660567 277981407 805983732 15242031 355381607 899531645 43403936 319931492 996969681 504006683 164473211 447633103 876268195 5071308 71308438
30 22 182295696 476194183
327794844 871002808 896868793 858936253 322889363 196416513 588677615 348264874 602227715 921795752 821896671 681953935 352632375 971057274 596314527 834068169 52437183 635975002 133938022 548631119 228278314 525868510 351389302 685475944 928278844 129779290 96563968 231783301 309441945 744750664
30 28 280629866 735716249
672264136 913307283 660576572 925309994 489084449 847553875 419292741 986338170 546442675 121314299 766837024 81280995 159990027 546139977 793660428 229333168 236545995 97588367 977642732 130192033 988689064 864206172 58155033 560381506 199050353 694291347 338210673 970802102 56858618 874163766
30 18 481971974 711501131
691443153 821458692 483517981 409909385 436907549 252414623 920268330 107822094 129565675 578138605 914472829 610720724 34992889 276944161 454749415 666659621 758928823 600111206 159890391 760117268 838091546 572372643 223948438 540211520 152819512 886510799 196086088 260961901 348145894 99556796
30 19 996398185 736993933
913579278 36663015 246942708 242854480 634139687 652839551 374913360 707314034 43467716 138697490 56084417 329023055 904206148 753832800 14622519 167055610 220920958 578461654 186756349 489410353 626112895 282249180 207642395 653146302 672204592 298644751 846642946 253549439 110742886 652901867
30 28 501641040 268251139
656023320 937163993 850645675 878928572 857878954 307929557 618383414 816098099 187372108 477955241 506059963 299488448 590708404 450867853 123350632 251639101 824464722 38968660 26672002 861982073 782566358 949979877 184717971 311530456 844129879 416034144 313716678 19194414 56786523 259450084
30 17 63348708 795280147
978024402 847953400 547167450 605159949 264582173 47261390 365205739 645152271 484438358 88287788 703523465 213806766 644823556 164916455 981052979 571276450 719488836 15842577 851716667 909700614 65942139 587651923 386607659 440509787 574470600 734616471 824438895 831091255 725225205 258728825
30 29 681268032 756953879
248266699 9803254 200762200 198205307 166335520 919977375 874432711 652072646 445987895 623902918 991295970 802800175 666745850 457452276 227024546 885728807 455904191 191757448 352462949 481987791 68057811 400500079 731418875 858199029 934082483 643692977 486996342 469212830 228527009 634720089
30 26 692000329 391401691
635552732 580377401 124337746 185767831 960692331 390589494 24064409 381008411 165018468 582850879 889174578 290869868 221185881 639787815 922336581 710224590 903284281 88812628 670980003 536052136 988792144 10020098 893010448 680369589 475970345 433120902 795944365 43716062 323640301 594096615
30 19 460822352 136492877
909685024 837773805 480158990 901337819 471932119 182661103 452176781 650083104 51781658 307563492 180970148 436978006 973732908 592388212 294752669 891922158 899677462 195976695 493036739 938366774 985837253 113445510 453035018 467645752 512088414 50682757 593146293 531835615 130311892 766824881
30 19 581051035 871449763
696444056 598804666 515666818 927988308 191012026 653597790 250224580 44744752 716521132 639702216 848737628 935186965 479592265 938475074 341899132 480565511 277099495 377010818 804210042 112366656 938767410 519582156 595907522 825523507 86844479 336446981 166810081 183008659 788931976 48274380
30 29 766364807 45066103
254511348 860327645 96716415 258149384 978265128 81944971 530663937 377452348 792704004 497133460 509355257 139537303 288019243 989298803 670504194 278533670 326307781 528464725 400410430 827394497 463200668 965021694 290836727 298147990 251147542 318444411 854756007 3241732 639243292 760472406
30 17 741265786 174547139
985727260 917256609 354876918 913658199 240860130 287154303 347388832 81933252 651407673 249269557 294828433 116746529 561153117 764031041 59308526 70596855 191070314 855503233 378321768 583865499 220593476 107399563 817703099 286849288 714606886 543965159 602831009 144667703 457623340 874084627
30 21 377537521 117321677
360729639 119747424 604439380 189081073 688043515 761973364 883500043 276395267 14584713 701552509 923945768 427668108 945887708 511080830 562410724 270637293 75646639 808822849 282582093 18936539 586724052 632446440 564419323 558581751 533590772 642724880 710780092 76013086 377754517 211513842
30 30 804937277 26963627
406772024 691188126 821736761 588338552 907859096 197056129 807824664 852730715 956426812 481491892 241363206 62740705 548686081 763780969 334349483 487166829 315000814 8513606 120204975 155163296 563174920 871106479 530111666 391215476 876827365 882582714 633226306 520946397 464607490 718624959
30 23 559718327 811606063
97837846 630846709 716048764 789113834 824034168 719087917 868246323 848020327 372330364 219143067 622471684 636072378 851260030 719460129 688243329 320532716 451703937 445126615 69659577 789330339 995771132 181170468 689294835 393368509 37720356 134001902 783395247 541887360 177997045 974464285
30 29 997635589 511632157
19031273 146499409 77564044 273752271 689552391 685247371 653998726 349653297 80874529 50877739 399790301 392670228 228983365 857401131 912567106 33801223 594101533 96642934 766635449 210779480 666095060 162466207 848673169 946377611 896576147 423833191 208521868 970610185 433894224 283653233
30 21 793555088 110024131
333381334 115145018 942769227 872507062 596494401 891738027 415172368 427813635 245993429 412135140 193200711 658823023 626395545 968327358 136711050 583413745 616595846 146163258 190467512 694020421 231986862 147183271 302226181 886327152 499433614 268952050 297621088 564585224 907942299 194044024
30 17 455848535 116934511
619486539 648643184 605173393 911567022 329484092 506622518 605350778 85633285 667210114 917622365 137969172 202167949 223053693 254213602 516989677 133717543 253738882 22799459 418920125 694531534 933945399 749410428 19401170 980819529 795100728 488283800 939304105 750853374 900720373 529559985
30 27 237366776 353893589
98529204 567593129 336655961 144603348 517049393 300535550 2655243 933832810 151721384 95832157 759194456 556318608 317242558 782458855 438763919 80643792 215452415 362640925 697375191 791684513 571641797 361841967 214245671 158332366 811622173 870894681 310401553 998588356 953107908 976418137
30 18 886896380 623118593
773256420 72763244 499747673 524612262 78788699 440574852 558084712 583325587 575875509 212556814 236562308 290145894 739714166 72717129 411323968 761562891 333821808 848174378 929684303 514654390 879690926 424886185 762938395 321003476 166781394 427931781 535162296 844289809 149373805 208141163
30 19 753662015 218704883
653374690 836903792 23041684 216863676 26133277 264094084 307113141 562101586 342776984 955952947 899217371 924046376 196238456 859469147 571925200 419873887 298883001 983032069 363206690 363071860 441922273 104824633 184547495 558781468 952031594 742244499 781952350 752556566 515365538 233969125
30 27 720153918 89700037
842894416 3266669 678312631 477816473 892936310 751225128 676213668 986346767 14995594 894014065 910464840 173818739 413181987 863494256 253725225 341960345 157419800 133580662 625126825 86384994 25670263 676367022 968544135 997707319 679113316 292850965 502290346 559485901 992595752 956512383
30 25 748871127 754968503
420607107 848172916 220563725 432330457 28060216 205283912 68737773 277080689 125590073 867795238 927492812 852826222 836851013 294740231 232858505 728421498 843937509 190778305 338831525 622141074 826507914 542182310 497266282 369247803 273479422 237730869 76412888 28619194 168548769 378194389
