30
30 28 420 999999989
999999990 999999990 999999990 999999990 999999990 999999990 999999990 999999990 999999990 999999990 999999990 999999990 999999990 999999990 999999990 999999990 999999990 999999990 999999990 999999990 999999990 999999990 999999990 999999990 999999990 999999990 999999990 999999990 999999990 999999990
30 28 420 999999989
999999990 999999990 999999990 999999990 999999990 999999990 999999990 999999990 999999990 999999990 999999990 999999990 999999990 999999990 999999990 999999990 999999990 999999990 999999990 999999990 999999990 999999990 999999990 999999990 999999990 999999990 999999990 999999990 999999990 999999990
30 28 420 999999989
999999990 999999990 999999990 999999990 999999990 999999990 999999990 999999990 999999990 999999990 999999990 999999990 999999990 999999990 999999990 999999990 999999990 999999990 999999990 999999990 999999990 999999990 999999990 999999990 999999990 999999990 999999990 999999990 999999990 999999990
30 28 420 999999989
999999990 999999990 999999990 999999990 999999990 999999990 999999990 999999990 999999990 999999990 999999990 999999990 999999990 999999990 999999990 999999990 999999990 999999990 999999990 999999990 999999990 999999990 999999990 999999990 999999990 999999990 999999990 999999990 999999990 999999990
30 28 420 999999989
999999990 999999990 999999990 999999990 999999990 999999990 999999990 999999990 999999990 999999990 999999990 999999990 999999990 999999990 999999990 999999990 999999990 999999990 999999990 999999990 999999990 999999990 999999990 999999990 999999990 999999990 999999990 999999990 999999990 999999990
30 28 420 999999989
999999990 999999990 999999990 999999990 999999990 999999990 999999990 999999990 999999990 999999990 999999990 999999990 999999990 999999990 999999990 999999990 999999990 999999990 999999990 999999990 999999990 999999990 999999990 999999990 999999990 999999990 999999990 999999990 999999990 999999990
30 28 420 999999989
999999990 999999990 999999990 999999990 999999990 999999990 999999990 999999990 999999990 999999990 999999990 999999990 999999990 999999990 999999990 999999990 999999990 999999990 999999990 999999990 999999990 999999990 999999990 999999990 999999990 999999990 999999990 999999990 999999990 999999990
30 28 420 999999989
999999990 999999990 999999990 999999990 999999990 999999990 999999990 999999990 999999990 999999990 999999990 999999990 999999990 999999990 999999990 999999990 999999990 999999990 999999990 999999990 999999990 999999990 999999990 999999990 999999990 999999990 999999990 999999990 999999990 999999990
30 28 420 999999989
999999990 999999990 999999990 999999990 999999990 999999990 999999990 999999990 999999990 999999990 999999990 999999990 999999990 999999990 999999990 999999990 999999990 999999990 999999990 999999990 999999990 999999990 999999990 999999990 999999990 999999990 999999990 999999990 999999990 999999990
30 28 420 999999989
999999990 999999990 999999990 999999990 999999990 999999990 999999990 999999990 999999990 999999990 999999990 999999990 999999990 999999990 999999990 999999990 999999990 999999990 999999990 999999990 999999990 999999990 999999990 999999990 999999990 999999990 999999990 999999990 999999990 999999990
30 28 420 999999989
999999990 999999990 999999990 999999990 999999990 999999990 999999990 999999990 999999990 999999990 999999990 999999990 999999990 999999990 999999990 999999990 999999990 999999990 999999990 999999990 999999990 999999990 999999990 999999990 999999990 999999990 999999990 999999990 999999990 999999990
30 28 420 999999989
999999990 999999990 999999990 999999990 999999990 999999990 999999990 999999990 999999990 999999990 999999990 999999990 999999990 999999990 999999990 999999990 999999990 999999990 999999990 999999990 999999990 999999990 999999990 999999990 999999990 999999990 999999990 999999990 999999990 999999990
30 28 420 999999989
999999990 999999990 999999990 999999990 999999990 999999990 999999990 999999990 999999990 999999990 999999990 999999990 999999990 999999990 999999990 999999990 999999990 999999990 999999990 999999990 999999990 999999990 999999990 999999990 999999990 999999990 999999990 999999990 999999990 999999990
30 28 420 999999989
999999990 999999990 999999990 999999990 999999990 999999990 999999990 999999990 999999990 999999990 999999990 999999990 999999990 999999990 999999990 999999990 999999990 999999990 999999990 999999990 999999990 999999990 999999990 999999990 999999990 999999990 999999990 999999990 999999990 999999990
30 28 420 999999989
999999990 999999990 999999990 999999990 999999990 999999990 999999990 999999990 999999990 999999990 999999990 999999990 999999990 999999990 999999990 999999990 999999990 999999990 999999990 999999990 999999990 999999990 999999990 999999990 999999990 999999990 999999990 999999990 999999990 999999990
30 28 420 999999989
999999990 999999990 999999990 999999990 999999990 999999990 999999990 999999990 999999990 999999990 999999990 999999990 999999990 999999990 999999990 999999990 999999990 999999990 999999990 999999990 999999990 999999990 999999990 999999990 999999990 999999990 999999990 999999990 999999990 999999990
30 28 420 999999989
999999990 999999990 999999990 999999990 999999990 999999990 999999990 999999990 999999990 999999990 999999990 999999990 999999990 999999990 999999990 999999990 999999990 999999990 999999990 999999990 999999990 999999990 999999990 999999990 999999990 999999990 999999990 999999990 999999990 999999990
30 28 420 999999989
999999990 999999990 999999990 999999990 999999990 999999990 999999990 999999990 999999990 999999990 999999990 999999990 999999990 999999990 999999990 999999990 999999990 999999990 999999990 999999990 999999990 999999990 999999990 999999990 999999990 999999990 999999990 999999990 999999990 999999990
30 28 420 999999989
999999990 999999990 999999990 999999990 999999990 999999990 999999990 999999990 999999990 999999990 999999990 999999990 999999990 999999990 999999990 999999990 999999990 999999990 999999990 999999990 999999990 999999990 999999990 999999990 999999990 999999990 999999990 999999990 999999990 999999990
30 28 420 999999989
999999990 999999990 999999990 999999990 999999990 999999990 999999990 999999990 999999990 999999990 999999990 999999990 999999990 999999990 999999990 999999990 999999990 999999990 999999990 999999990 999999990 999999990 999999990 999999990 999999990 999999990 999999990 999999990 999999990 999999990
30 28 420 999999989
999999990 999999990 999999990 999999990 999999990 999999990 999999990 999999990 999999990 999999990 999999990 999999990 999999990 999999990 999999990 999999990 999999990 999999990 999999990 999999990 999999990 999999990 999999990 999999990 999999990 999999990 999999990 999999990 999999990 999999990
30 28 420 999999989
999999990 999999990 999999990 999999990 999999990 999999990 999999990 999999990 999999990 999999990 999999990 999999990 999999990 999999990 999999990 999999990 999999990 999999990 999999990 999999990 999999990 999999990 999999990 999999990 999999990 999999990 999999990 999999990 999999990 999999990
30 28 420 999999989
999999990 999999990 999999990 999999990 999999990 999999990 999999990 999999990 999999990 999999990 999999990 999999990 999999990 999999990 999999990 999999990 999999990 999999990 999999990 999999990 999999990 999999990 999999990 999999990 999999990 999999990 999999990 999999990 999999990 999999990
30 28 420 999999989
999999990 999999990 999999990 999999990 999999990 999999990 999999990 999999990 999999990 999999990 999999990 999999990 999999990 999999990 999999990 999999990 999999990 999999990 999999990 999999990 999999990 999999990 999999990 999999990 999999990 999999990 999999990 999999990 999999990 999999990
30 28 420 999999989
999999990 999999990 999999990 999999990 999999990 999999990 999999990 999999990 999999990 999999990 999999990 999999990 999999990 999999990 999999990 999999990 999999990 999999990 999999990 999999990 999999990 999999990 999999990 999999990 999999990 999999990 999999990 999999990 999999990 999999990
30 28 420 999999989
999999990 999999990 999999990 999999990 999999990 999999990 999999990 999999990 999999990 999999990 999999990 999999990 999999990 999999990 999999990 999999990 999999990 999999990 999999990 999999990 999999990 999999990 999999990 999999990 999999990 999999990 999999990 999999990 999999990 999999990
30 28 420 999999989
999999990 999999990 999999990 999999990 999999990 999999990 999999990 999999990 999999990 999999990 999999990 999999990 999999990 999999990 999999990 999999990 999999990 999999990 999999990 999999990 999999990 999999990 999999990 999999990 999999990 999999990 999999990 999999990 999999990 999999990
30 28 420 999999989
999999990 999999990 999999990 999999990 999999990 999999990 999999990 999999990 999999990 999999990 999999990 999999990 999999990 999999990 999999990 999999990 999999990 999999990 999999990 999999990 999999990 999999990 999999990 999999990 999999990 999999990 999999990 999999990 999999990 999999990
30 28 420 999999989
999999990 999999990 999999990 999999990 999999990 999999990 999999990 999999990 999999990 999999990 999999990 999999990 999999990 999999990 999999990 999999990 999999990 999999990 999999990 999999990 999999990 999999990 999999990 999999990 999999990 999999990 999999990 999999990 999999990 999999990
30 28 420 999999989
999999990 999999990 999999990 999999990 999999990 999999990 999999990 999999990 999999990 999999990 999999990 999999990 999999990 999999990 999999990 999999990 999999990 999999990 999999990 999999990 999999990 999999990 999999990 999999990 999999990 999999990 999999990 999999990 999999990 999999990
