30
5 3 20 111109923
212697494 612629443 80610873 889338827 750448060
14 7 14 919517943
83792826 680222578 286120020 421156919 575893957 775970801 20873487 290669074 383686055 99946410 173102372 142288820 287293201 643045787
2 1 46 933422788
630353654 694074455
3 1 39 565791612
829103351 320404866 903254771
21 17 13 282672336
37810242 473670923 438033595 185069495 258857912 420480319 487292229 595359252 191832352 184736772 503437876 881660420 611500201 690828025 306284294 495199612 989025851 418633569 979788145 240143329 312415110
27 4 15 120736843
625163019 605510677 195057236 832254059 901908306 996426284 709633543 153871945 766900384 765055734 197291249 340807616 27524537 125651891 520416855 646174944 764251661 346966357 922331375 100444649 143832355 981749429 49916631 958956264 911533197 715135224 829311792
14 5 23 513583394
313281829 523699578 270563812 190812672 28061337 539818307 272515839 439709764 842639237 370458004 965562233 872397494 633874720 308146349
27 11 2 152843091
759303667 706823865 115027111 676317260 430631029 407432347 894945092 761676486 284299494 713944204 621474408 268181311 425882441 665412483 858486966 713834749 563245862 623193351 846210903 320831113 465312628 127051078 102218005 312497330 748892295 68227489 133483875
14 14 45 840334710
367178193 162737083 427032132 865615223 250859920 854372474 783019638 625470436 705874935 717687184 830068889 752138641 375053743 762341498
28 22 22 876681731
152034600 684150934 225121482 76018570 135517832 813449814 278588278 845836425 757980471 821130745 741003482 917348817 906100875 936144995 817946044 1836794 161451206 716197279 23448670 451796526 461489111 153458564 794512331 802487515 684048747 787884386 685248783 661203553
2 1 58 746793347
927769918 797628502
13 4 13 919489209
132196722 479610997 444483957 614248636 648025281 335599650 392930761 76291111 886102352 339642972 705785928 879279073 226599578
18 1 10 815591203
71462950 322967416 17127076 618039722 299850046 812880970 530677460 203474681 291346414 152415922 989491293 891131113 438654704 421965349 849951770 480889561 320801214 817102100
10 1 49 756600260
475030992 424488689 639613462 8057203 800704866 715037592 614374328 140718676 527702270 288160533
19 13 24 712195398
2044341 674743656 45904900 510252762 165402139 677388254 538191803 776071746 590289275 62001816 977402844 131971112 171494412 292199865 353967886 23484955 67692131 105772010 308936807
24 3 2 105656604
931039337 739469842 969527882 271355294 775901036 639260131 160856623 840452208 48933257 944729341 49859477 849941026 638650401 964923197 990754726 582698119 876653985 639161494 604211079 292197170 636169924 544003973 439047082 463315451
27 15 34 768452145
948976303 136549061 478317408 622982729 57356609 679977253 402810320 977684425 310427411 144812838 895910009 569094488 503760703 719028290 298181638 84186362 119404066 418930681 445512721 425865021 244710484 522788686 423562918 120594361 714299144 322629535 524556929
10 2 3 803331002
114565349 315583600 643681517 848316920 930990878 191828836 76308036 223106697 999780735 144790472
14 10 60 743694346
193743779 202922419 300002168 635554568 311106936 958888105 928360971 875453242 361516059 330629109 95854466 796584574 366270907 361974997
14 4 35 326316732
991982567 181284491 577766479 992132252 241858687 501154041 917272692 221142986 83977428 377507144 28578359 14772358 302693257 859410369
23 7 8 568287671
111381000 970723150 238952739 178629954 829653815 921345408 532513250 708507177 126380572 748692254 557187460 66600463 957205346 150221162 970745156 916008763 717312597 718464915 308594981 605550677 520889539 862964841 17228383
18 18 59 665733403
804185752 288563036 183076979 538661372 528235419 677449475 272785678 391324320 979151432 320146667 287674671 652158099 626329630 664209098 996001191 355159578 891303458 243467116
6 3 7 109080041
991351126 50510315 552997060 816205911 663713958 585543664
11 3 17 203482590
354062496 210108959 937646059 287746768 927698198 99521932 990823156 50255699 169614056 790355754 549213972
29 24 32 788845816
822222325 37041193 215921 337209961 747866157 466816306 205759242 909355067 293990058 888566891 876816310 598922297 58277226 206367596 950556369 504598465 527946765 685910825 821120440 86011236 662391814 536942156 218219631 172889573 457312685 396314584 300259 80981477 823052445
20 7 19 798273253
659759084 527364738 840419671 319861373 601111362 608098452 38322227 897081713 957924164 276146955 193952269 578657125 151812982 169658431 330204188 164195541 409686499 31661289 752756042 928798631
29 18 1 653458023
386694350 392631202 915944547 824304992 710737453 186508925 137979646 821854114 307943323 809036655 234352013 501206838 187393207 97565241 343890855 429607810 564679913 985645895 462219645 343422367 430266086 973843280 310832800 558918016 678602186 706550763 480082648 399360026 241401688
3 3 8 910332589
457242092 208199222 26202034
13 12 14 755959748
574355341 59758487 102786795 504336440 240381311 54094152 43998444 240981140 504032533 426925646 291177582 776896614 169254848
5 3 4 420281409
358731609 775963273 874936502 227923660 351828751
